# Scene: scene-1094
# Description: Night, after rain, many peds, PMD, ped with bag, jaywalker, truck, scooter
# Num keyframe samples: 40
# Effective frame rate: ~20 Hz (interpolated)
# Format:
#   FRAME timestamp ego_x ego_y ego_yaw
#   LIDAR <rel_path> <16 floats: 4x4 sensor_to_global>
#   CAMERA <ch> <rel_path> <fx fy cx cy> <16 floats: 4x4 global_to_sensor>
#   BOX x1 y1 ... minZ maxZ instance_token category
#   ENDFRAME

FRAME 1542800847.948119 1526.534582 1212.924548 2.967135
LIDAR samples/LIDAR_TOP/n015-2018-11-21-19-38-26+0800__LIDAR_TOP__1542800847948119.pcd.bin 0.1727456296 -0.9846760462 0.0239171820 1525.6925123094 0.9846838741 0.1720635194 -0.0281391779 1213.0179956842 0.0235926999 0.0284117834 0.9993178449 1.8865913643 0.0000000000 0.0000000000 0.0000000000 1.0000000000
CAMERA CAM_FRONT samples/CAM_FRONT/n015-2018-11-21-19-38-26+0800__CAM_FRONT__1542800847912460.jpg 1266.417203 1266.417203 816.267020 491.507066 0.1694424556 0.9850687040 0.0304779045 -1453.4684703831 -0.0411084745 0.0379625033 -0.9984332435 18.2286336725 -0.9846823587 0.1679240804 0.0469271315 1297.7851702665 0.0000000000 0.0000000000 0.0000000000 1.0000000000
CAMERA CAM_FRONT_LEFT samples/CAM_FRONT_LEFT/n015-2018-11-21-19-38-26+0800__CAM_FRONT_LEFT__1542800847904844.jpg 1272.597947 1272.597947 826.615493 479.751654 -0.7073094174 0.7045249196 0.0579484741 224.2369210382 -0.0470353134 0.0348894667 -0.9982837294 30.9913179360 -0.7053375556 -0.7088211077 0.0084599020 1935.1917442677 0.0000000000 0.0000000000 0.0000000000 1.0000000000
CAMERA CAM_FRONT_RIGHT samples/CAM_FRONT_RIGHT/n015-2018-11-21-19-38-26+0800__CAM_FRONT_RIGHT__1542800847920339.jpg 1260.847445 1260.847445 807.968245 495.334427 0.9155559331 0.4005131375 -0.0366955044 -1882.3908946906 -0.0496402517 0.0219894059 -0.9985250680 50.6099244264 -0.3991154955 0.9160271245 0.0400141040 -503.0545693680 0.0000000000 0.0000000000 0.0000000000 1.0000000000
CAMERA CAM_BACK samples/CAM_BACK/n015-2018-11-21-19-38-26+0800__CAM_BACK__1542800847937525.jpg 809.220991 809.220991 829.219600 481.778424 -0.1775834219 -0.9835441183 -0.0332429777 1464.0547744091 -0.0295854423 0.0391003075 -0.9987972104 -0.6831081785 0.9836609324 -0.1763863183 -0.0360421542 -1287.6487589876 0.0000000000 0.0000000000 0.0000000000 1.0000000000
CAMERA CAM_BACK_LEFT samples/CAM_BACK_LEFT/n015-2018-11-21-19-38-26+0800__CAM_BACK_LEFT__1542800847947423.jpg 1256.741481 1256.741481 792.112574 492.775747 -0.9877285813 -0.1497642720 0.0443047695 1688.3124933449 -0.0528193555 0.0533603347 -0.9971774117 17.4970746025 0.1469774318 -0.9872807795 -0.0606159800 973.0272201015 0.0000000000 0.0000000000 0.0000000000 1.0000000000
CAMERA CAM_BACK_RIGHT samples/CAM_BACK_RIGHT/n015-2018-11-21-19-38-26+0800__CAM_BACK_RIGHT__1542800847927893.jpg 1259.513741 1259.513741 807.252905 501.195799 0.8566623489 -0.5110392815 -0.0704873943 -686.7391239672 -0.0643755389 0.0296689336 -0.9974846086 63.8369569471 0.5118451035 0.8590451718 -0.0074821708 -1823.3707646574 0.0000000000 0.0000000000 0.0000000000 1.0000000000
BOX 1522.674454 1223.115535 1522.218092 1222.618184 1522.821546 1222.064465 1523.277908 1222.561816 0.241500 2.096500 55f7fb5fa2854b0da825c2cd1c94b23b human.pedestrian.adult
BOX 1499.929238 1204.293128 1503.061196 1207.833661 1501.698762 1209.038872 1498.566804 1205.498339 0.152000 2.264000 7b8032aef1494ed28eb726c0fe7b7be7 vehicle.car
BOX 1540.828834 1242.392426 1540.918912 1241.851880 1541.553166 1241.957574 1541.463088 1242.498120 1.200500 3.179500 c860a955cda34bfc8f08142093bf70a7 human.pedestrian.adult
BOX 1496.742509 1239.865066 1496.545519 1239.309984 1497.151491 1239.094934 1497.348481 1239.650016 0.537000 2.289000 13e93cfb18fa472cb347d1129cfbab9e human.pedestrian.adult
BOX 1512.182775 1234.943666 1511.684271 1235.171257 1511.417225 1234.586334 1511.915729 1234.358743 0.048500 1.651500 e6d7aee18c7c4c5c953ee4bcee294834 human.pedestrian.adult
BOX 1520.742223 1231.646801 1521.232480 1231.401951 1521.519777 1231.977199 1521.029520 1232.222049 0.200000 1.914000 3543efbc49b147c6a7151e945b999fe5 human.pedestrian.adult
BOX 1535.404728 1225.516991 1537.169340 1225.247976 1537.261272 1225.851009 1535.496660 1226.120024 1.061500 2.014500 3b12bb50abc6479aad7cdca503c4339d vehicle.bicycle
BOX 1541.555152 1211.842256 1536.365898 1212.631968 1536.064848 1210.653744 1541.254102 1209.864032 -0.649500 1.387500 870c468534f7401cba587f6af0dc2eec vehicle.car
BOX 1514.687507 1235.381136 1514.173539 1235.615788 1513.906493 1235.030864 1514.420461 1234.796212 0.084500 1.963500 af9f8e591cf54233a6ac8bbb58c7872d human.pedestrian.adult
BOX 1523.635504 1241.137661 1521.949658 1236.992357 1523.636496 1236.306339 1525.322342 1240.451643 0.184000 1.806000 c82d05b5d41b4618995950edb7922349 vehicle.car
BOX 1518.722128 1229.747990 1519.449341 1229.572878 1519.599872 1230.198010 1518.872659 1230.373122 0.200000 1.914000 d61323aefb8640da9d5258fae57c2d1c human.pedestrian.adult
BOX 1500.275949 1241.426423 1500.123051 1242.045831 1499.490051 1241.889577 1499.642949 1241.270169 0.311000 2.187000 d569afe307654e3c82846e568999afec human.pedestrian.adult
BOX 1516.809775 1232.996666 1516.311271 1233.224257 1516.044225 1232.639334 1516.542729 1232.411743 0.100000 1.814000 a811914d417942b182285ca2bad0d1a8 human.pedestrian.adult
BOX 1523.945687 1223.226089 1523.568198 1222.828841 1524.034313 1222.385911 1524.411802 1222.783159 0.228500 1.871500 9777aa985269472595ff1ee88420008f human.pedestrian.adult
BOX 1488.578083 1226.700122 1489.335783 1226.431225 1489.575917 1227.107878 1488.818217 1227.376775 1.180500 3.063500 ce93ff973b8047f9b80668b81debca3b human.pedestrian.adult
BOX 1529.133923 1280.662562 1527.085854 1267.699353 1530.212077 1267.205438 1532.260146 1280.168647 0.291500 4.884500 2c44e4c8d57345dfb834a2c524eee269 vehicle.bus.rigid
BOX 1500.060519 1254.449782 1499.841652 1253.768055 1500.501481 1253.556218 1500.720348 1254.237945 0.692000 2.568000 43e0b606c4dc44eabf8c2de8f44411b9 human.pedestrian.adult
BOX 1519.708114 1215.178339 1515.420272 1215.141594 1515.435886 1213.319661 1519.723728 1213.356406 0.200000 2.050000 3f81e988f45c44119cca8011a3274603 vehicle.car
BOX 1520.838053 1243.013834 1519.027887 1238.562842 1520.799947 1237.842166 1522.610113 1242.293158 0.293500 1.870500 0c55b24f75814764ab76476f6d77c436 vehicle.car
BOX 1526.678388 1231.256399 1526.931757 1231.742309 1526.361612 1232.039601 1526.108243 1231.553691 0.504000 2.218000 c3c2aa02ee5f430a85a3d6bc3f33d1d4 human.pedestrian.adult
BOX 1496.439653 1237.827747 1496.256375 1237.311304 1496.862347 1237.096253 1497.045625 1237.612696 0.395000 2.051000 0ae0723e31c9489492e6d53e21598d6c human.pedestrian.adult
BOX 1503.260002 1214.514698 1502.740440 1214.688935 1502.535998 1214.079302 1503.055560 1213.905065 -0.127000 1.657000 e6505be7823b40858d669c34afba37c4 human.pedestrian.adult
BOX 1510.209786 1234.151609 1509.521145 1234.414177 1509.232214 1233.656391 1509.920855 1233.393823 -0.116500 1.926500 27c29ce8b23147a9b30c905cee92fb0c human.pedestrian.adult
BOX 1512.407507 1234.034136 1511.893539 1234.268788 1511.626493 1233.683864 1512.140461 1233.449212 -0.015000 1.761000 005855d523f84d8a9e3bef3031c93e56 human.pedestrian.adult
BOX 1494.154298 1198.369267 1496.072088 1202.565822 1494.507702 1203.280733 1492.589912 1199.084178 0.439500 1.964500 bbab4b240644425ea76ee82dde094e49 vehicle.car
BOX 1490.559025 1213.806931 1492.405063 1217.931674 1490.752975 1218.671069 1488.906937 1214.546326 0.157000 1.683000 fbcad891cccb4d8a8fba633468335667 vehicle.car
BOX 1540.250618 1247.565714 1540.264591 1247.017892 1540.907382 1247.034286 1540.893409 1247.582108 1.100500 2.743500 b7fb892b65c04d319f238a827eb0a1e5 human.pedestrian.adult
BOX 1541.499121 1254.224911 1541.468732 1253.539585 1542.336879 1253.501089 1542.367268 1254.186415 1.149500 2.894500 b20e566fd73e4a6e9797b11a0657aa03 human.pedestrian.adult
BOX 1502.044999 1223.585673 1501.853435 1224.099100 1501.251001 1223.874327 1501.442565 1223.360900 -0.205000 1.535000 8c3247533921448abe371a59d4696252 human.pedestrian.adult
BOX 1527.915031 1215.934870 1524.262367 1217.464461 1523.626969 1215.947130 1527.279633 1214.417539 0.235000 1.727000 6a4b9f7abafd44f38ff670c3064b13dc vehicle.car
BOX 1537.565382 1232.682286 1537.551409 1233.230108 1536.908618 1233.213714 1536.922591 1232.665892 1.000500 2.643500 ff7b5cbe03fa4c54ba9a3d07284b60a2 human.pedestrian.adult
BOX 1509.984786 1235.218609 1509.296145 1235.481177 1509.007214 1234.723391 1509.695855 1234.460823 -0.102000 1.650000 f2e5400419984231855abb04d5efa716 human.pedestrian.adult
BOX 1514.337055 1233.527329 1513.691183 1233.822201 1513.380945 1233.142671 1514.026817 1232.847799 0.000000 1.844000 b9cfadb6439a4ee5a9faf4f4ecbd2408 human.pedestrian.adult
BOX 1510.750998 1208.697302 1511.270560 1208.523065 1511.475002 1209.132698 1510.955440 1209.306935 0.315000 2.029000 9441225cd01f4730a02b5d8927063f53 human.pedestrian.adult
BOX 1536.554516 1209.123295 1535.948811 1209.240813 1535.835484 1208.656705 1536.441189 1208.539187 -0.413000 1.317000 dc534f142fbf42afbdd38a1afae9df7f human.pedestrian.adult
BOX 1534.364653 1227.769833 1534.046125 1227.323915 1534.569347 1226.950167 1534.887875 1227.396085 0.783500 2.638500 f12d635edc9b4062897f56432583cc54 human.pedestrian.adult
BOX 1499.176519 1251.153782 1498.957652 1250.472055 1499.617481 1250.260218 1499.836348 1250.941945 0.692000 2.568000 a2cf4f44341946b8b1359049c8bac214 human.pedestrian.adult
BOX 1535.504721 1224.869105 1537.511613 1224.598904 1537.601279 1225.264895 1535.594387 1225.535096 0.774500 1.997500 cd1add73166f4b43aa014f51a30f662c vehicle.bicycle
BOX 1517.459591 1233.656944 1518.030816 1233.442929 1518.256409 1234.045056 1517.685184 1234.259071 0.033000 1.921000 2c761ca3c6e745ab8b7553a3f3dc937e human.pedestrian.adult
BOX 1496.121509 1240.614066 1495.924519 1240.058984 1496.530491 1239.843934 1496.727481 1240.399016 0.645000 2.397000 3e6b4e722f39423f8b3a7da562449891 human.pedestrian.adult
BOX 1527.309870 1249.504925 1525.656018 1244.993518 1527.452130 1244.335075 1529.105982 1248.846482 0.407500 2.014500 41fd985de63547f48fe139c572ddbacb vehicle.car
BOX 1497.001197 1204.650752 1499.109291 1209.058578 1497.380803 1209.885248 1495.272709 1205.477422 0.158000 1.712000 ec69560d753043d28b2f905dffdea722 vehicle.car
BOX 1494.294977 1204.936314 1497.109796 1210.821836 1494.923023 1211.867686 1492.108204 1205.982164 0.049500 3.114500 a0328b62fcaa46a093c7de5ae9b53ecf vehicle.car
BOX 1511.560697 1212.132481 1510.971466 1212.736752 1510.291303 1212.073519 1510.880534 1211.469248 0.156500 1.855500 155047a77309452a908e6c96ddd60b55 human.pedestrian.adult
BOX 1508.673012 1237.113587 1508.216248 1237.416360 1507.860988 1236.880413 1508.317752 1236.577640 -0.192000 1.778000 d0de3763c12f4eea8ff4eab91a887297 human.pedestrian.adult
BOX 1509.946775 1236.649666 1509.448271 1236.877257 1509.181225 1236.292334 1509.679729 1236.064743 -0.100500 1.790500 46a3cc53b10846a3a6a61c51b0f3a7b5 human.pedestrian.adult
BOX 1495.621653 1238.310747 1495.438375 1237.794304 1496.044347 1237.579253 1496.227625 1238.095696 0.494500 2.077500 0a70b7f2364c4a0eb1512694661b4dc8 human.pedestrian.adult
BOX 1510.678991 1232.682997 1509.792055 1233.087927 1509.525009 1232.503003 1510.411945 1232.098073 -0.081500 1.861500 d8da4b1be5e14912b2a3b86ea27b7716 human.pedestrian.adult
BOX 1517.275775 1233.702666 1516.777271 1233.930257 1516.510225 1233.345334 1517.008729 1233.117743 0.200000 1.914000 911ed6e0595042f7a6fde8a57825726b human.pedestrian.adult
BOX 1499.073689 1243.842886 1499.361806 1244.673325 1498.532311 1244.961114 1498.244194 1244.130675 0.311000 2.187000 986c792f751041d38689019012a2e97b human.pedestrian.adult
ENDFRAME

FRAME 1542800848.003659 1526.526036 1212.926332 2.967099
LIDAR sweeps/LIDAR_TOP/n015-2018-11-21-19-38-26+0800__LIDAR_TOP__1542800847997875.pcd.bin 0.1727795074 -0.9846708009 0.0238884013 1525.6855468828 0.9846783080 0.1720986463 -0.0281191332 1213.0196002773 0.0235769279 0.0283808006 0.9993190975 1.8865659895 0.0000000000 0.0000000000 0.0000000000 1.0000000000
CAMERA CAM_FRONT sweeps/CAM_FRONT/n015-2018-11-21-19-38-26+0800__CAM_FRONT__1542800848012460.jpg 1266.417203 1266.417203 816.267020 491.507066 0.1695082234 0.9850584419 0.0304438526 -1453.5571097849 -0.0410123229 0.0379147617 -0.9984390118 18.1390749332 -0.9846750487 0.1679950500 0.0468263987 1297.6737460708 0.0000000000 0.0000000000 0.0000000000 1.0000000000
CAMERA CAM_FRONT_LEFT sweeps/CAM_FRONT_LEFT/n015-2018-11-21-19-38-26+0800__CAM_FRONT_LEFT__1542800848004844.jpg 1272.597947 1272.597947 826.615493 479.751654 -0.7072655633 0.7045767722 0.0578532193 224.0950981195 -0.0469392579 0.0348517657 -0.9982895675 30.8896551997 -0.7053879280 -0.7087714205 0.0084228571 1935.2007789719 0.0000000000 0.0000000000 0.0000000000 1.0000000000
CAMERA CAM_FRONT_RIGHT sweeps/CAM_FRONT_RIGHT/n015-2018-11-21-19-38-26+0800__CAM_FRONT_RIGHT__1542800848020340.jpg 1260.847445 1260.847445 807.968245 495.334427 0.9155858491 0.4004503610 -0.0366341550 -1882.3489412898 -0.0495454065 0.0219321372 -0.9985310381 50.5338463280 -0.3990586494 0.9160559425 0.0399212304 -503.1846722576 0.0000000000 0.0000000000 0.0000000000 1.0000000000
CAMERA CAM_BACK sweeps/CAM_BACK/n015-2018-11-21-19-38-26+0800__CAM_BACK__1542800848037525.jpg 809.220991 809.220991 829.219600 481.778424 -0.1776395307 -0.9835362476 -0.0331759981 1464.1314485807 -0.0295150702 0.0390217530 -0.9988023645 -0.6957840938 0.9836529153 -0.1764475914 -0.0359609473 -1287.5479778192 0.0000000000 0.0000000000 0.0000000000 1.0000000000
CAMERA CAM_BACK_LEFT sweeps/CAM_BACK_LEFT/n015-2018-11-21-19-38-26+0800__CAM_BACK_LEFT__1542800848047423.jpg 1256.741481 1256.741481 792.112574 492.775747 -0.9877402056 -0.1497033758 0.0442513891 1688.2430947435 -0.0527519122 0.0532946263 -0.9971844958 17.4729206333 0.1469235241 -0.9872935643 -0.0605383845 973.1301150577 0.0000000000 0.0000000000 0.0000000000 1.0000000000
CAMERA CAM_BACK_RIGHT sweeps/CAM_BACK_RIGHT/n015-2018-11-21-19-38-26+0800__CAM_BACK_RIGHT__1542800848027893.jpg 1259.513741 1259.513741 807.252905 501.195799 0.8566364185 -0.5110977942 -0.0703782015 -686.6150867042 -0.0642871165 0.0296049462 -0.9974922124 63.7786037750 0.5118996123 0.8590125680 -0.0074963283 -1823.4099688277 0.0000000000 0.0000000000 0.0000000000 1.0000000000
BOX 1522.678677 1223.118313 1522.222315 1222.620962 1522.825768 1222.067242 1523.282130 1222.564594 0.241500 2.096500 55f7fb5fa2854b0da825c2cd1c94b23b human.pedestrian.adult
BOX 1499.929238 1204.294684 1503.061196 1207.835216 1501.698762 1209.040427 1498.566804 1205.499895 0.148889 2.260889 7b8032aef1494ed28eb726c0fe7b7be7 vehicle.car
BOX 1540.868353 1242.323807 1540.968896 1241.785109 1541.600981 1241.903082 1541.500438 1242.441780 1.189389 3.168389 c860a955cda34bfc8f08142093bf70a7 human.pedestrian.adult
BOX 1496.713842 1239.773399 1496.516852 1239.218318 1497.122824 1239.003267 1497.319815 1239.558349 0.537222 2.289222 13e93cfb18fa472cb347d1129cfbab9e human.pedestrian.adult
BOX 1512.113331 1234.960999 1511.614827 1235.188591 1511.347781 1234.603667 1511.846285 1234.376076 0.042944 1.645944 e6d7aee18c7c4c5c953ee4bcee294834 human.pedestrian.adult
BOX 1520.799268 1231.602897 1521.288763 1231.356527 1521.577843 1231.930880 1521.088348 1232.177251 0.206667 1.920667 3543efbc49b147c6a7151e945b999fe5 human.pedestrian.adult
BOX 1535.404728 1225.516991 1537.169340 1225.247976 1537.261272 1225.851009 1535.496660 1226.120024 1.059722 2.012722 3b12bb50abc6479aad7cdca503c4339d vehicle.bicycle
BOX 1541.454374 1211.857923 1536.265120 1212.647634 1535.964070 1210.669410 1541.153324 1209.879699 -0.646278 1.390722 870c468534f7401cba587f6af0dc2eec vehicle.car
BOX 1514.624507 1235.420025 1514.110539 1235.654676 1513.843493 1235.069753 1514.357461 1234.835101 0.082722 1.961722 af9f8e591cf54233a6ac8bbb58c7872d human.pedestrian.adult
BOX 1523.631171 1241.137550 1521.945324 1236.992245 1523.632162 1236.306228 1525.318009 1240.451532 0.183111 1.805111 c82d05b5d41b4618995950edb7922349 vehicle.car
BOX 1518.783461 1229.729879 1519.510675 1229.554767 1519.661206 1230.179899 1518.933992 1230.355011 0.199111 1.913111 d61323aefb8640da9d5258fae57c2d1c human.pedestrian.adult
BOX 1500.262838 1241.481645 1500.109940 1242.101053 1499.476940 1241.944800 1499.629838 1241.325392 0.311000 2.187000 d569afe307654e3c82846e568999afec human.pedestrian.adult
BOX 1516.755664 1233.026333 1516.257160 1233.253924 1515.990114 1232.669001 1516.488618 1232.441409 0.096333 1.810333 a811914d417942b182285ca2bad0d1a8 human.pedestrian.adult
BOX 1523.946243 1223.212978 1523.568754 1222.815729 1524.034868 1222.372800 1524.412357 1222.770048 0.224944 1.867944 9777aa985269472595ff1ee88420008f human.pedestrian.adult
BOX 1488.634083 1226.689899 1489.391783 1226.421003 1489.631917 1227.097656 1488.874217 1227.366553 1.180500 3.063500 ce93ff973b8047f9b80668b81debca3b human.pedestrian.adult
BOX 1529.075145 1280.341673 1527.027076 1267.378464 1530.153300 1266.884549 1532.201368 1279.847758 0.289611 4.882611 2c44e4c8d57345dfb834a2c524eee269 vehicle.bus.rigid
BOX 1500.049519 1254.364560 1499.830652 1253.682832 1500.490481 1253.470995 1500.709348 1254.152723 0.687778 2.563778 43e0b606c4dc44eabf8c2de8f44411b9 human.pedestrian.adult
BOX 1519.655575 1215.184222 1515.367928 1215.129183 1515.391314 1213.307334 1519.678961 1213.362372 0.196667 2.046667 3f81e988f45c44119cca8011a3274603 vehicle.car
BOX 1520.838053 1243.013834 1519.027887 1238.562842 1520.799947 1237.842166 1522.610113 1242.293158 0.290722 1.867722 0c55b24f75814764ab76476f6d77c436 vehicle.car
BOX 1526.732260 1231.301182 1526.981220 1231.789366 1526.408406 1232.081484 1526.159447 1231.593301 0.498222 2.212222 c3c2aa02ee5f430a85a3d6bc3f33d1d4 human.pedestrian.adult
BOX 1496.426304 1237.761069 1496.267261 1237.236656 1496.882585 1237.050042 1497.041628 1237.574455 0.389444 2.045444 0ae0723e31c9489492e6d53e21598d6c human.pedestrian.adult
BOX 1503.209780 1214.533809 1502.690217 1214.708046 1502.485775 1214.098413 1503.005338 1213.924176 -0.130667 1.653333 e6505be7823b40858d669c34afba37c4 human.pedestrian.adult
BOX 1510.142675 1234.182054 1509.454034 1234.444621 1509.165103 1233.686835 1509.853744 1233.424268 -0.116500 1.926500 27c29ce8b23147a9b30c905cee92fb0c human.pedestrian.adult
BOX 1512.352396 1234.069247 1511.838428 1234.303899 1511.571382 1233.718975 1512.085350 1233.484324 -0.015000 1.761000 005855d523f84d8a9e3bef3031c93e56 human.pedestrian.adult
BOX 1494.151742 1198.370489 1496.069532 1202.567044 1494.505147 1203.281955 1492.587357 1199.085400 0.435056 1.960056 bbab4b240644425ea76ee82dde094e49 vehicle.car
BOX 1490.559025 1213.806931 1492.405063 1217.931674 1490.752975 1218.671069 1488.906937 1214.546326 0.157000 1.683000 fbcad891cccb4d8a8fba633468335667 vehicle.car
BOX 1540.249507 1247.507380 1540.263479 1246.959559 1540.906270 1246.975953 1540.892298 1247.523775 1.103278 2.746278 b7fb892b65c04d319f238a827eb0a1e5 human.pedestrian.adult
BOX 1541.494899 1254.147134 1541.464510 1253.461807 1542.332657 1253.423311 1542.363046 1254.108637 1.149500 2.894500 b20e566fd73e4a6e9797b11a0657aa03 human.pedestrian.adult
BOX 1502.020665 1223.650895 1501.829101 1224.164322 1501.226668 1223.939549 1501.418232 1223.426122 -0.205000 1.535000 8c3247533921448abe371a59d4696252 human.pedestrian.adult
BOX 1527.703370 1216.025562 1524.049025 1217.551134 1523.415297 1216.033104 1527.069641 1214.507533 0.235222 1.727222 6a4b9f7abafd44f38ff670c3064b13dc vehicle.car
BOX 1537.569310 1232.750761 1537.556400 1233.298609 1536.913579 1233.283461 1536.926489 1232.735613 1.001611 2.644611 ff7b5cbe03fa4c54ba9a3d07284b60a2 human.pedestrian.adult
BOX 1509.912786 1235.248721 1509.224145 1235.511288 1508.935214 1234.753502 1509.623855 1234.490934 -0.102000 1.650000 f2e5400419984231855abb04d5efa716 human.pedestrian.adult
BOX 1514.281055 1233.562440 1513.635183 1233.857312 1513.324945 1233.177782 1513.970817 1232.882910 -0.003778 1.840222 b9cfadb6439a4ee5a9faf4f4ecbd2408 human.pedestrian.adult
BOX 1510.818553 1208.668524 1511.338116 1208.494287 1511.542558 1209.103920 1511.022995 1209.278157 0.315889 2.029889 9441225cd01f4730a02b5d8927063f53 human.pedestrian.adult
BOX 1536.470556 1209.138841 1535.864927 1209.256749 1535.751222 1208.672715 1536.356851 1208.554806 -0.409889 1.320111 dc534f142fbf42afbdd38a1afae9df7f human.pedestrian.adult
BOX 1534.366653 1227.771945 1534.048125 1227.326026 1534.571347 1226.952278 1534.889875 1227.398196 0.783500 2.638500 f12d635edc9b4062897f56432583cc54 human.pedestrian.adult
BOX 1499.168547 1251.079924 1498.944398 1250.399914 1499.602564 1250.182965 1499.826713 1250.862975 0.698667 2.574667 a2cf4f44341946b8b1359049c8bac214 human.pedestrian.adult
BOX 1535.504721 1224.869105 1537.511613 1224.598904 1537.601279 1225.264895 1535.594387 1225.535096 0.774500 1.997500 cd1add73166f4b43aa014f51a30f662c vehicle.bicycle
BOX 1517.494258 1233.616389 1518.065482 1233.402373 1518.291076 1234.004500 1517.719851 1234.218516 0.033000 1.921000 2c761ca3c6e745ab8b7553a3f3dc937e human.pedestrian.adult
BOX 1496.106731 1240.556511 1495.909741 1240.001429 1496.515713 1239.786378 1496.712703 1240.341460 0.647778 2.399778 3e6b4e722f39423f8b3a7da562449891 human.pedestrian.adult
BOX 1527.309870 1249.504925 1525.656018 1244.993518 1527.452130 1244.335075 1529.105982 1248.846482 0.407500 2.014500 41fd985de63547f48fe139c572ddbacb vehicle.car
BOX 1497.001197 1204.650752 1499.109291 1209.058578 1497.380803 1209.885248 1495.272709 1205.477422 0.155889 1.709889 ec69560d753043d28b2f905dffdea722 vehicle.car
BOX 1494.294977 1204.936314 1497.109796 1210.821836 1494.923023 1211.867686 1492.108204 1205.982164 0.048500 3.113500 a0328b62fcaa46a093c7de5ae9b53ecf vehicle.car
BOX 1511.523363 1212.180481 1510.934133 1212.784752 1510.253970 1212.121519 1510.843201 1211.517248 0.156500 1.855500 155047a77309452a908e6c96ddd60b55 human.pedestrian.adult
BOX 1508.608012 1237.150809 1508.151248 1237.453582 1507.795988 1236.917635 1508.252752 1236.614863 -0.197556 1.772444 d0de3763c12f4eea8ff4eab91a887297 human.pedestrian.adult
BOX 1509.889764 1236.680159 1509.394305 1236.914304 1509.119569 1236.332952 1509.615029 1236.098807 -0.100500 1.790500 46a3cc53b10846a3a6a61c51b0f3a7b5 human.pedestrian.adult
BOX 1495.613097 1238.241413 1495.429819 1237.724970 1496.035792 1237.509920 1496.219069 1238.026363 0.494500 2.077500 0a70b7f2364c4a0eb1512694661b4dc8 human.pedestrian.adult
BOX 1510.600787 1232.728687 1509.707392 1233.119162 1509.449879 1232.529979 1510.343274 1232.139505 -0.084944 1.858056 d8da4b1be5e14912b2a3b86ea27b7716 human.pedestrian.adult
BOX 1517.220331 1233.728333 1516.721827 1233.955924 1516.454781 1233.371001 1516.953285 1233.143409 0.195333 1.909333 911ed6e0595042f7a6fde8a57825726b human.pedestrian.adult
BOX 1499.106133 1243.877886 1499.394250 1244.708325 1498.564756 1244.996114 1498.276638 1244.165675 0.311000 2.187000 986c792f751041d38689019012a2e97b human.pedestrian.adult
ENDFRAME

FRAME 1542800848.059199 1526.517491 1212.928116 2.967062
LIDAR sweeps/LIDAR_TOP/n015-2018-11-21-19-38-26+0800__LIDAR_TOP__1542800848048181.pcd.bin 0.1727978069 -0.9846684879 0.0238513505 1525.6784695117 0.9846760578 0.1721191448 -0.0280724274 1213.0212618382 0.0235367606 0.0283367077 0.9993212956 1.8865308099 0.0000000000 0.0000000000 0.0000000000 1.0000000000
CAMERA CAM_FRONT sweeps/CAM_FRONT/n015-2018-11-21-19-38-26+0800__CAM_FRONT__1542800848012460.jpg 1266.417203 1266.417203 816.267020 491.507066 0.1695082234 0.9850584419 0.0304438526 -1453.5571097849 -0.0410123229 0.0379147617 -0.9984390118 18.1390749332 -0.9846750487 0.1679950500 0.0468263987 1297.6737460708 0.0000000000 0.0000000000 0.0000000000 1.0000000000
CAMERA CAM_FRONT_LEFT sweeps/CAM_FRONT_LEFT/n015-2018-11-21-19-38-26+0800__CAM_FRONT_LEFT__1542800848104844.jpg 1272.597947 1272.597947 826.615493 479.751654 -0.7072247563 0.7046227843 0.0577916597 223.9649515973 -0.0469028838 0.0348017840 -0.9982930208 30.8939913467 -0.7054312607 -0.7087281339 0.0084361574 1935.2067672883 0.0000000000 0.0000000000 0.0000000000 1.0000000000
CAMERA CAM_FRONT_RIGHT sweeps/CAM_FRONT_RIGHT/n015-2018-11-21-19-38-26+0800__CAM_FRONT_RIGHT__1542800848020340.jpg 1260.847445 1260.847445 807.968245 495.334427 0.9155858491 0.4004503610 -0.0366341550 -1882.3489412898 -0.0495454065 0.0219321372 -0.9985310381 50.5338463280 -0.3990586494 0.9160559425 0.0399212304 -503.1846722576 0.0000000000 0.0000000000 0.0000000000 1.0000000000
CAMERA CAM_BACK sweeps/CAM_BACK/n015-2018-11-21-19-38-26+0800__CAM_BACK__1542800848037525.jpg 809.220991 809.220991 829.219600 481.778424 -0.1776395307 -0.9835362476 -0.0331759981 1464.1314485807 -0.0295150702 0.0390217530 -0.9988023645 -0.6957840938 0.9836529153 -0.1764475914 -0.0359609473 -1287.5479778192 0.0000000000 0.0000000000 0.0000000000 1.0000000000
CAMERA CAM_BACK_LEFT sweeps/CAM_BACK_LEFT/n015-2018-11-21-19-38-26+0800__CAM_BACK_LEFT__1542800848047423.jpg 1256.741481 1256.741481 792.112574 492.775747 -0.9877402056 -0.1497033758 0.0442513891 1688.2430947435 -0.0527519122 0.0532946263 -0.9971844958 17.4729206333 0.1469235241 -0.9872935643 -0.0605383845 973.1301150577 0.0000000000 0.0000000000 0.0000000000 1.0000000000
CAMERA CAM_BACK_RIGHT sweeps/CAM_BACK_RIGHT/n015-2018-11-21-19-38-26+0800__CAM_BACK_RIGHT__1542800848027893.jpg 1259.513741 1259.513741 807.252905 501.195799 0.8566364185 -0.5110977942 -0.0703782015 -686.6150867042 -0.0642871165 0.0296049462 -0.9974922124 63.7786037750 0.5118996123 0.8590125680 -0.0074963283 -1823.4099688277 0.0000000000 0.0000000000 0.0000000000 1.0000000000
BOX 1522.682899 1223.121091 1522.226537 1222.623739 1522.829990 1222.070020 1523.286352 1222.567372 0.241500 2.096500 55f7fb5fa2854b0da825c2cd1c94b23b human.pedestrian.adult
BOX 1499.929238 1204.296240 1503.061196 1207.836772 1501.698762 1209.041983 1498.566804 1205.501450 0.145778 2.257778 7b8032aef1494ed28eb726c0fe7b7be7 vehicle.car
BOX 1540.908009 1242.255108 1541.018979 1241.718462 1541.648658 1241.848670 1541.537687 1242.385316 1.178278 3.157278 c860a955cda34bfc8f08142093bf70a7 human.pedestrian.adult
BOX 1496.685176 1239.681733 1496.488185 1239.126651 1497.094158 1238.911601 1497.291148 1239.466682 0.537444 2.289444 13e93cfb18fa472cb347d1129cfbab9e human.pedestrian.adult
BOX 1512.043886 1234.978333 1511.545382 1235.205924 1511.278336 1234.621001 1511.776840 1234.393409 0.037389 1.640389 e6d7aee18c7c4c5c953ee4bcee294834 human.pedestrian.adult
BOX 1520.856316 1231.558995 1521.345045 1231.311107 1521.635906 1231.884561 1521.147177 1232.132448 0.213333 1.927333 3543efbc49b147c6a7151e945b999fe5 human.pedestrian.adult
BOX 1535.404728 1225.516991 1537.169340 1225.247976 1537.261272 1225.851009 1535.496660 1226.120024 1.057944 2.010944 3b12bb50abc6479aad7cdca503c4339d vehicle.bicycle
BOX 1541.353597 1211.873590 1536.164343 1212.663301 1535.863292 1210.685077 1541.052546 1209.895366 -0.643056 1.393944 870c468534f7401cba587f6af0dc2eec vehicle.car
BOX 1514.561507 1235.458914 1514.047539 1235.693565 1513.780493 1235.108642 1514.294461 1234.873990 0.080944 1.959944 af9f8e591cf54233a6ac8bbb58c7872d human.pedestrian.adult
BOX 1523.626838 1241.137438 1521.940991 1236.992134 1523.627829 1236.306117 1525.313676 1240.451421 0.182222 1.804222 c82d05b5d41b4618995950edb7922349 vehicle.car
BOX 1518.844794 1229.711768 1519.572008 1229.536656 1519.722539 1230.161787 1518.995325 1230.336900 0.198222 1.912222 d61323aefb8640da9d5258fae57c2d1c human.pedestrian.adult
BOX 1500.249727 1241.536867 1500.096829 1242.156275 1499.463829 1242.000022 1499.616727 1241.380614 0.311000 2.187000 d569afe307654e3c82846e568999afec human.pedestrian.adult
BOX 1516.701553 1233.055999 1516.203049 1233.283591 1515.936003 1232.698667 1516.434507 1232.471076 0.092667 1.806667 a811914d417942b182285ca2bad0d1a8 human.pedestrian.adult
BOX 1523.946798 1223.199867 1523.569310 1222.802618 1524.035424 1222.359689 1524.412913 1222.756937 0.221389 1.864389 9777aa985269472595ff1ee88420008f human.pedestrian.adult
BOX 1488.690083 1226.679677 1489.447783 1226.410781 1489.687917 1227.087434 1488.930217 1227.356330 1.180500 3.063500 ce93ff973b8047f9b80668b81debca3b human.pedestrian.adult
BOX 1529.016367 1280.020784 1526.968298 1267.057575 1530.094522 1266.563660 1532.142590 1279.526869 0.287722 4.880722 2c44e4c8d57345dfb834a2c524eee269 vehicle.bus.rigid
BOX 1500.038519 1254.279338 1499.819652 1253.597610 1500.479481 1253.385773 1500.698348 1254.067501 0.683556 2.559556 43e0b606c4dc44eabf8c2de8f44411b9 human.pedestrian.adult
BOX 1519.602996 1215.190087 1515.315623 1215.116757 1515.346782 1213.295024 1519.634155 1213.368354 0.193333 2.043333 3f81e988f45c44119cca8011a3274603 vehicle.car
BOX 1520.838053 1243.013834 1519.027887 1238.562842 1520.799947 1237.842166 1522.610113 1242.293158 0.287944 1.864944 0c55b24f75814764ab76476f6d77c436 vehicle.car
BOX 1526.786119 1231.345997 1527.030649 1231.836415 1526.455214 1232.123336 1526.210684 1231.632919 0.492444 2.206444 c3c2aa02ee5f430a85a3d6bc3f33d1d4 human.pedestrian.adult
BOX 1496.413449 1237.693622 1496.278986 1237.162375 1496.902329 1237.004601 1497.036792 1237.535848 0.383889 2.039889 0ae0723e31c9489492e6d53e21598d6c human.pedestrian.adult
BOX 1503.159558 1214.552920 1502.639995 1214.727157 1502.435553 1214.117524 1502.955116 1213.943287 -0.134333 1.649667 e6505be7823b40858d669c34afba37c4 human.pedestrian.adult
BOX 1510.075564 1234.212498 1509.386922 1234.475066 1509.097991 1233.717279 1509.786633 1233.454712 -0.116500 1.926500 27c29ce8b23147a9b30c905cee92fb0c human.pedestrian.adult
BOX 1512.297285 1234.104358 1511.783317 1234.339010 1511.516271 1233.754086 1512.030239 1233.519435 -0.015000 1.761000 005855d523f84d8a9e3bef3031c93e56 human.pedestrian.adult
BOX 1494.149187 1198.371711 1496.066977 1202.568267 1494.502591 1203.283178 1492.584801 1199.086622 0.430611 1.955611 bbab4b240644425ea76ee82dde094e49 vehicle.car
BOX 1490.559025 1213.806931 1492.405063 1217.931674 1490.752975 1218.671069 1488.906937 1214.546326 0.157000 1.683000 fbcad891cccb4d8a8fba633468335667 vehicle.car
BOX 1540.248396 1247.449047 1540.262368 1246.901225 1540.905159 1246.917620 1540.891187 1247.465441 1.106056 2.749056 b7fb892b65c04d319f238a827eb0a1e5 human.pedestrian.adult
BOX 1541.490677 1254.069356 1541.460287 1253.384029 1542.328434 1253.345533 1542.358824 1254.030860 1.149500 2.894500 b20e566fd73e4a6e9797b11a0657aa03 human.pedestrian.adult
BOX 1501.996332 1223.716118 1501.804768 1224.229545 1501.202335 1224.004771 1501.393899 1223.491344 -0.205000 1.535000 8c3247533921448abe371a59d4696252 human.pedestrian.adult
BOX 1527.491706 1216.116254 1523.835686 1217.637805 1523.203627 1216.119079 1526.859648 1214.597529 0.235444 1.727444 6a4b9f7abafd44f38ff670c3064b13dc vehicle.car
BOX 1537.573237 1232.819237 1537.561390 1233.367109 1536.918540 1233.353208 1536.930388 1232.805336 1.002722 2.645722 ff7b5cbe03fa4c54ba9a3d07284b60a2 human.pedestrian.adult
BOX 1509.840786 1235.278832 1509.152145 1235.541399 1508.863214 1234.783613 1509.551855 1234.521045 -0.102000 1.650000 f2e5400419984231855abb04d5efa716 human.pedestrian.adult
BOX 1514.225055 1233.597551 1513.579183 1233.892423 1513.268945 1233.212893 1513.914817 1232.918021 -0.007556 1.836444 b9cfadb6439a4ee5a9faf4f4ecbd2408 human.pedestrian.adult
BOX 1510.886109 1208.639746 1511.405672 1208.465510 1511.610114 1209.075143 1511.090551 1209.249379 0.316778 2.030778 9441225cd01f4730a02b5d8927063f53 human.pedestrian.adult
BOX 1536.386595 1209.154386 1535.781042 1209.272686 1535.666960 1208.688725 1536.272513 1208.570425 -0.406778 1.323222 dc534f142fbf42afbdd38a1afae9df7f human.pedestrian.adult
BOX 1534.368653 1227.774056 1534.050125 1227.328137 1534.573347 1226.954389 1534.891875 1227.400307 0.783500 2.638500 f12d635edc9b4062897f56432583cc54 human.pedestrian.adult
BOX 1499.160588 1251.006038 1498.931171 1250.327788 1499.587634 1250.105740 1499.817051 1250.783990 0.705333 2.581333 a2cf4f44341946b8b1359049c8bac214 human.pedestrian.adult
BOX 1535.504721 1224.869105 1537.511613 1224.598904 1537.601279 1225.264895 1535.594387 1225.535096 0.774500 1.997500 cd1add73166f4b43aa014f51a30f662c vehicle.bicycle
BOX 1517.528924 1233.575833 1518.100149 1233.361818 1518.325742 1233.963945 1517.754518 1234.177960 0.033000 1.921000 2c761ca3c6e745ab8b7553a3f3dc937e human.pedestrian.adult
BOX 1496.091953 1240.498955 1495.894963 1239.943873 1496.500936 1239.728823 1496.697926 1240.283905 0.650556 2.402556 3e6b4e722f39423f8b3a7da562449891 human.pedestrian.adult
BOX 1527.309870 1249.504925 1525.656018 1244.993518 1527.452130 1244.335075 1529.105982 1248.846482 0.407500 2.014500 41fd985de63547f48fe139c572ddbacb vehicle.car
BOX 1497.001197 1204.650752 1499.109291 1209.058578 1497.380803 1209.885248 1495.272709 1205.477422 0.153778 1.707778 ec69560d753043d28b2f905dffdea722 vehicle.car
BOX 1494.294977 1204.936314 1497.109796 1210.821836 1494.923023 1211.867686 1492.108204 1205.982164 0.047500 3.112500 a0328b62fcaa46a093c7de5ae9b53ecf vehicle.car
BOX 1511.486030 1212.228481 1510.896799 1212.832752 1510.216637 1212.169519 1510.805867 1211.565248 0.156500 1.855500 155047a77309452a908e6c96ddd60b55 human.pedestrian.adult
BOX 1508.543012 1237.188032 1508.086248 1237.490804 1507.730988 1236.954857 1508.187752 1236.652085 -0.203111 1.766889 d0de3763c12f4eea8ff4eab91a887297 human.pedestrian.adult
BOX 1509.832687 1236.710621 1509.340358 1236.951279 1509.057980 1236.373601 1509.550309 1236.132943 -0.100500 1.790500 46a3cc53b10846a3a6a61c51b0f3a7b5 human.pedestrian.adult
BOX 1495.604542 1238.172080 1495.421264 1237.655637 1496.027236 1237.440587 1496.210514 1237.957030 0.494500 2.077500 0a70b7f2364c4a0eb1512694661b4dc8 human.pedestrian.adult
BOX 1510.522431 1232.774352 1509.622814 1233.150268 1509.374902 1232.556982 1510.274520 1232.181065 -0.088389 1.854611 d8da4b1be5e14912b2a3b86ea27b7716 human.pedestrian.adult
BOX 1517.164886 1233.753999 1516.666382 1233.981591 1516.399336 1233.396667 1516.897840 1233.169076 0.190667 1.904667 911ed6e0595042f7a6fde8a57825726b human.pedestrian.adult
BOX 1499.138577 1243.912886 1499.426695 1244.743325 1498.597200 1245.031114 1498.309083 1244.200675 0.311000 2.187000 986c792f751041d38689019012a2e97b human.pedestrian.adult
ENDFRAME

FRAME 1542800848.114740 1526.508945 1212.929900 2.967025
LIDAR sweeps/LIDAR_TOP/n015-2018-11-21-19-38-26+0800__LIDAR_TOP__1542800848097949.pcd.bin 0.1728395765 -0.9846611872 0.0238500995 1525.6715216363 0.9846690174 0.1721612655 -0.0280610928 1213.0228535221 0.0235246056 0.0283345215 0.9993216438 1.8865296020 0.0000000000 0.0000000000 0.0000000000 1.0000000000
CAMERA CAM_FRONT sweeps/CAM_FRONT/n015-2018-11-21-19-38-26+0800__CAM_FRONT__1542800848112460.jpg 1266.417203 1266.417203 816.267020 491.507066 0.1695676389 0.9850494405 0.0304042030 -1453.6375642452 -0.0409784959 0.0378716637 -0.9984420364 18.1390230026 -0.9846662271 0.1680575402 0.0467876530 1297.5702196494 0.0000000000 0.0000000000 0.0000000000 1.0000000000
CAMERA CAM_FRONT_LEFT sweeps/CAM_FRONT_LEFT/n015-2018-11-21-19-38-26+0800__CAM_FRONT_LEFT__1542800848104844.jpg 1272.597947 1272.597947 826.615493 479.751654 -0.7072247563 0.7046227843 0.0577916597 223.9649515973 -0.0469028838 0.0348017840 -0.9982930208 30.8939913467 -0.7054312607 -0.7087281339 0.0084361574 1935.2067672883 0.0000000000 0.0000000000 0.0000000000 1.0000000000
CAMERA CAM_FRONT_RIGHT sweeps/CAM_FRONT_RIGHT/n015-2018-11-21-19-38-26+0800__CAM_FRONT_RIGHT__1542800848120339.jpg 1260.847445 1260.847445 807.968245 495.334427 0.9156139286 0.4003871586 -0.0366231759 -1882.3035961175 -0.0495152763 0.0218973459 -0.9985332962 50.5292922444 -0.3989979588 0.9160844009 0.0398747956 -503.3202329944 0.0000000000 0.0000000000 0.0000000000 1.0000000000
CAMERA CAM_BACK sweeps/CAM_BACK/n015-2018-11-21-19-38-26+0800__CAM_BACK__1542800848137525.jpg 809.220991 809.220991 829.219600 481.778424 -0.1777173024 -0.9835231305 -0.0331483370 1464.2347986708 -0.0294892791 0.0389919212 -0.9988042914 -0.6995100759 0.9836396407 -0.1765272837 -0.0359329271 -1287.4165678467 0.0000000000 0.0000000000 0.0000000000 1.0000000000
CAMERA CAM_BACK_LEFT sweeps/CAM_BACK_LEFT/n015-2018-11-21-19-38-26+0800__CAM_BACK_LEFT__1542800848147423.jpg 1256.741481 1256.741481 792.112574 492.775747 -0.9877539634 -0.1496178412 0.0442335767 1688.1464288442 -0.0527239713 0.0532632682 -0.9971876489 17.4673667226 0.1468410385 -0.9873082223 -0.0604994510 973.2790708422 0.0000000000 0.0000000000 0.0000000000 1.0000000000
CAMERA CAM_BACK_RIGHT sweeps/CAM_BACK_RIGHT/n015-2018-11-21-19-38-26+0800__CAM_BACK_RIGHT__1542800848127893.jpg 1259.513741 1259.513741 807.252905 501.195799 0.8566010136 -0.5111631585 -0.0703344081 -686.4682182128 -0.0642535419 0.0295768303 -0.9974952097 63.7604653464 0.5119630708 0.8589746425 -0.0075085006 -1823.4563376692 0.0000000000 0.0000000000 0.0000000000 1.0000000000
BOX 1522.687121 1223.123869 1522.230759 1222.626517 1522.834212 1222.072798 1523.290574 1222.570150 0.241500 2.096500 55f7fb5fa2854b0da825c2cd1c94b23b human.pedestrian.adult
BOX 1499.929238 1204.297795 1503.061196 1207.838327 1501.698762 1209.043538 1498.566804 1205.503006 0.142667 2.254667 7b8032aef1494ed28eb726c0fe7b7be7 vehicle.car
BOX 1540.947805 1242.186333 1541.069160 1241.651940 1541.696195 1241.794333 1541.574840 1242.328727 1.167167 3.146167 c860a955cda34bfc8f08142093bf70a7 human.pedestrian.adult
BOX 1496.656509 1239.590066 1496.459519 1239.034984 1497.065491 1238.819934 1497.262481 1239.375016 0.537667 2.289667 13e93cfb18fa472cb347d1129cfbab9e human.pedestrian.adult
BOX 1511.974442 1234.995666 1511.475938 1235.223257 1511.208892 1234.638334 1511.707396 1234.410743 0.031833 1.634833 e6d7aee18c7c4c5c953ee4bcee294834 human.pedestrian.adult
BOX 1520.913369 1231.515094 1521.401326 1231.265691 1521.693965 1231.838239 1521.206007 1232.087642 0.220000 1.934000 3543efbc49b147c6a7151e945b999fe5 human.pedestrian.adult
BOX 1535.404728 1225.516991 1537.169340 1225.247976 1537.261272 1225.851009 1535.496660 1226.120024 1.056167 2.009167 3b12bb50abc6479aad7cdca503c4339d vehicle.bicycle
BOX 1541.252819 1211.889256 1536.063565 1212.678968 1535.762515 1210.700744 1540.951769 1209.911032 -0.639833 1.397167 870c468534f7401cba587f6af0dc2eec vehicle.car
BOX 1514.498507 1235.497803 1513.984539 1235.732454 1513.717493 1235.147531 1514.231461 1234.912879 0.079167 1.958167 af9f8e591cf54233a6ac8bbb58c7872d human.pedestrian.adult
BOX 1523.622504 1241.137327 1521.936658 1236.992023 1523.623496 1236.306006 1525.309342 1240.451310 0.181333 1.803333 c82d05b5d41b4618995950edb7922349 vehicle.car
BOX 1518.906128 1229.693657 1519.633341 1229.518545 1519.783872 1230.143676 1519.056659 1230.318789 0.197333 1.911333 d61323aefb8640da9d5258fae57c2d1c human.pedestrian.adult
BOX 1500.236616 1241.592089 1500.083718 1242.211497 1499.450718 1242.055244 1499.603616 1241.435836 0.311000 2.187000 d569afe307654e3c82846e568999afec human.pedestrian.adult
BOX 1516.647442 1233.085666 1516.148938 1233.313257 1515.881892 1232.728334 1516.380396 1232.500743 0.089000 1.803000 a811914d417942b182285ca2bad0d1a8 human.pedestrian.adult
BOX 1523.947354 1223.186756 1523.569865 1222.789507 1524.035979 1222.346578 1524.413468 1222.743826 0.217833 1.860833 9777aa985269472595ff1ee88420008f human.pedestrian.adult
BOX 1488.746083 1226.669455 1489.503783 1226.400558 1489.743917 1227.077212 1488.986217 1227.346108 1.180500 3.063500 ce93ff973b8047f9b80668b81debca3b human.pedestrian.adult
BOX 1528.957589 1279.699895 1526.909521 1266.736686 1530.035744 1266.242771 1532.083813 1279.205981 0.285833 4.878833 2c44e4c8d57345dfb834a2c524eee269 vehicle.bus.rigid
BOX 1500.027519 1254.194116 1499.808652 1253.512388 1500.468481 1253.300551 1500.687348 1253.982279 0.679333 2.555333 43e0b606c4dc44eabf8c2de8f44411b9 human.pedestrian.adult
BOX 1519.550379 1215.195936 1515.263358 1215.104315 1515.302288 1213.282731 1519.589309 1213.374352 0.190000 2.040000 3f81e988f45c44119cca8011a3274603 vehicle.car
BOX 1520.838053 1243.013834 1519.027887 1238.562842 1520.799947 1237.842166 1522.610113 1242.293158 0.285167 1.862167 0c55b24f75814764ab76476f6d77c436 vehicle.car
BOX 1526.839964 1231.390845 1527.080045 1231.883455 1526.502036 1232.165155 1526.261955 1231.672545 0.486667 2.200667 c3c2aa02ee5f430a85a3d6bc3f33d1d4 human.pedestrian.adult
