# Scene: scene-1100
# Description: Night, peds in sidewalk, peds cross crosswalk, scooter, PMD, difficult lighting
# Num keyframe samples: 40
# Effective frame rate: ~20 Hz (interpolated)
# Format:
#   FRAME timestamp ego_x ego_y ego_yaw
#   LIDAR <rel_path> <16 floats: 4x4 sensor_to_global>
#   CAMERA <ch> <rel_path> <fx fy cx cy> <16 floats: 4x4 global_to_sensor>
#   BOX x1 y1 ... minZ maxZ instance_token category
#   ENDFRAME

FRAME 1542800987.947699 1321.390768 903.754771 -2.565303
LIDAR samples/LIDAR_TOP/n015-2018-11-21-19-38-26+0800__LIDAR_TOP__1542800987947699.pcd.bin -0.5468036815 -0.8351607049 -0.0592649206 1320.5345909673 0.8372487771 -0.5450440856 -0.0440616625 903.1753107567 0.0044965746 -0.0737125616 0.9972693914 1.7911526555 0.0000000000 0.0000000000 0.0000000000 1.0000000000
CAMERA CAM_FRONT samples/CAM_FRONT/n015-2018-11-21-19-38-26+0800__CAM_FRONT__1542800987912460.jpg 1266.417203 1266.417203 816.267020 491.507066 -0.5500883476 0.8350338350 0.0110138198 -27.7790541389 0.0400455157 0.0395492152 -0.9984148518 -87.1380330083 -0.8341457705 -0.5487753220 -0.0551949230 1596.4985306287 0.0000000000 0.0000000000 0.0000000000 1.0000000000
CAMERA CAM_FRONT_LEFT samples/CAM_FRONT_LEFT/n015-2018-11-21-19-38-26+0800__CAM_FRONT_LEFT__1542800987904844.jpg 1272.597947 1272.597947 826.615493 479.751654 -0.9988051100 0.0322185134 -0.0367466960 1289.7292700254 0.0378171833 0.0332710753 -0.9987306425 -78.5319213483 -0.0309550145 -0.9989269257 -0.0344497335 942.4083910117 0.0000000000 0.0000000000 0.0000000000 1.0000000000
CAMERA CAM_FRONT_RIGHT samples/CAM_FRONT_RIGHT/n015-2018-11-21-19-38-26+0800__CAM_FRONT_RIGHT__1542800987920339.jpg 1260.847445 1260.847445 807.968245 495.334427 0.3961530960 0.9173981046 0.0379926598 -1351.5436546430 0.0447235265 0.0220493535 -0.9987560424 -77.5208193539 -0.9170946138 0.3973594640 -0.0322943588 851.4761567537 0.0000000000 0.0000000000 0.0000000000 1.0000000000
CAMERA CAM_BACK samples/CAM_BACK/n015-2018-11-21-19-38-26+0800__CAM_BACK__1542800987937525.jpg 809.220991 809.220991 829.219600 481.778424 0.5434279912 -0.8393288339 -0.0145988667 40.4694950123 0.0476640387 0.0482138203 -0.9976991365 -104.9769329819 0.8381015200 0.5414817966 0.0662065415 -1596.8244949666 0.0000000000 0.0000000000 0.0000000000 1.0000000000
CAMERA CAM_BACK_LEFT samples/CAM_BACK_LEFT/n015-2018-11-21-19-38-26+0800__CAM_BACK_LEFT__1542800987947423.jpg 1256.741481 1256.741481 792.112574 492.775747 -0.6199108437 -0.7832923420 -0.0465150824 1525.9064637803 0.0209018448 0.0427746525 -0.9988660781 -64.6887452941 0.7843938161 -0.6201801642 -0.0101442160 -476.1036698420 0.0000000000 0.0000000000 0.0000000000 1.0000000000
CAMERA CAM_BACK_RIGHT samples/CAM_BACK_RIGHT/n015-2018-11-21-19-38-26+0800__CAM_BACK_RIGHT__1542800987927893.jpg 1259.513741 1259.513741 807.252905 501.195799 0.9768574277 0.2115187388 0.0317708852 -1480.8352597786 0.0286934616 0.0176034410 -0.9994332415 -52.2730193207 -0.2119581356 0.9772154021 0.0111268473 -603.1471834810 0.0000000000 0.0000000000 0.0000000000 1.0000000000
BOX 1328.924613 903.358571 1328.307548 903.532097 1328.109387 902.827429 1328.726452 902.653903 0.391000 2.023000 0b2ba0a3a3874e4a9863541a7a65ec00 human.pedestrian.adult
BOX 1333.528673 903.700125 1334.117724 904.464484 1333.677327 904.803875 1333.088276 904.039516 0.791000 2.389000 20200e733c334714b91a01f47ef1cbd0 human.pedestrian.adult
BOX 1301.946467 901.519377 1302.053844 902.782822 1301.585533 902.822623 1301.478156 901.559178 -0.559000 1.147000 1e5f2a84bbe645c29e83651025150bdc vehicle.motorcycle
BOX 1306.147737 885.405917 1308.159006 888.917755 1306.674263 889.768083 1304.662994 886.256245 -1.007500 0.629500 767bc477faf048d89af472aab0ce7edd vehicle.car
BOX 1310.320241 918.420393 1310.264606 917.985941 1310.735759 917.925607 1310.791394 918.360059 -0.359000 1.437000 47b04d517ed64f92ad6af4c11233de34 human.pedestrian.adult
BOX 1331.003443 904.871369 1330.811738 905.463090 1330.248557 905.280631 1330.440262 904.688910 0.441500 2.198500 baa84e9048974b67a0c168a8bf946d3e human.pedestrian.adult
BOX 1288.370756 843.141102 1281.469845 833.147181 1283.735244 831.582898 1290.636155 841.576819 -2.309000 2.055000 90a1246128ad470c85bd1c53781f92e0 vehicle.bus.rigid
BOX 1294.014384 921.022570 1302.684821 914.402161 1304.449616 916.713430 1295.779179 923.333839 -0.659000 3.795000 759185c2435a4fb393a145e15aab5ac8 vehicle.bus.rigid
BOX 1295.096023 909.150920 1295.561121 908.429915 1295.903977 908.651080 1295.438879 909.372085 -0.558500 1.154500 7a88efefda9f4fc3a30fa6a655978ada human.pedestrian.adult
BOX 1334.818701 907.476866 1334.074998 907.497911 1334.059299 906.943134 1334.803002 906.922089 0.740500 2.479500 7c7ea45167174debb191420c7fb99649 human.pedestrian.adult
BOX 1293.799170 864.538241 1295.837298 868.188830 1294.298830 869.047759 1292.260702 865.397170 -1.843000 -0.363000 e3c44d83d35543d1b638c93943d3a180 vehicle.car
BOX 1295.223422 924.667046 1298.662507 922.041094 1299.798578 923.528954 1296.359493 926.154906 -0.709000 0.735000 14201e2f4fcf44b58240d9987d64d355 vehicle.car
BOX 1304.323737 889.332917 1306.335006 892.844755 1304.850263 893.695083 1302.838994 890.183245 -1.007500 0.629500 bb0f40c613904cdcb3299a73e105c3c4 vehicle.car
BOX 1326.010146 910.490686 1323.077620 906.771816 1324.447854 905.691314 1327.380380 909.410184 0.278000 2.118000 7028b22052c3450da6eef57669d7a8b4 vehicle.car
BOX 1301.345322 919.814389 1304.842427 917.144136 1305.976678 918.629611 1302.479573 921.299864 -0.752000 0.880000 ca291f5d8bf7447ca85d6a768808246d vehicle.car
BOX 1306.991683 900.157653 1306.419888 904.421484 1304.696317 904.190347 1305.268112 899.926516 -0.759000 0.807000 0debc457dad44487be97463324be8536 vehicle.car
BOX 1337.941366 933.655178 1340.687826 936.898549 1339.428634 937.964822 1336.682174 934.721451 1.278500 2.807500 76bd4f1303ea47cab45dc0e2f3303246 vehicle.car
BOX 1330.326327 904.302739 1329.895351 904.368739 1329.809673 903.809261 1330.240649 903.743261 0.441000 2.131000 7b644b3fb6634f13bf30402c70770e3b human.pedestrian.adult
BOX 1296.881411 857.120883 1294.798574 853.469116 1296.418589 852.545117 1298.501426 856.196884 -1.938500 -0.189500 c7925b44db7f4cfdb37e98c29acb8087 vehicle.car
BOX 1332.975301 905.182419 1332.604338 905.010176 1332.850699 904.479581 1333.221662 904.651824 0.691500 2.408500 1c6ea643f2d04632ac5624e0072aa659 human.pedestrian.adult
BOX 1332.221243 903.601232 1331.457620 903.555353 1331.504757 902.770768 1332.268380 902.816647 0.591000 2.385000 60e1ec6251134f9a8e2031b871a455d1 human.pedestrian.adult
BOX 1315.177581 899.937290 1317.685582 903.571982 1316.174419 904.614710 1313.666418 900.980018 -0.309000 1.121000 88b7a3d6e9394198a1511642a5aa5499 vehicle.car
ENDFRAME

FRAME 1542800987.997745 1321.390715 903.754791 -2.565292
LIDAR sweeps/LIDAR_TOP/n015-2018-11-21-19-38-26+0800__LIDAR_TOP__1542800987998027.pcd.bin -0.5468276095 -0.8351442295 -0.0592763148 1320.5345482481 0.8372331943 -0.5450680245 -0.0440616274 903.1753235284 0.0044881901 -0.0737222128 0.9972687158 1.7911427970 0.0000000000 0.0000000000 0.0000000000 1.0000000000
CAMERA CAM_FRONT sweeps/CAM_FRONT/n015-2018-11-21-19-38-26+0800__CAM_FRONT__1542800988012460.jpg 1266.417203 1266.417203 816.267020 491.507066 -0.5501379107 0.8350012220 0.0110108343 -27.6841838263 0.0400512144 0.0395533165 -0.9984144607 -87.1492697446 -0.8341128097 -0.5488246482 -0.0552025919 1596.4995356069 0.0000000000 0.0000000000 0.0000000000 1.0000000000
CAMERA CAM_FRONT_LEFT sweeps/CAM_FRONT_LEFT/n015-2018-11-21-19-38-26+0800__CAM_FRONT_LEFT__1542800988004844.jpg 1272.597947 1272.597947 826.615493 479.751654 -0.9988062884 0.0321602972 -0.0367656559 1289.7833730192 0.0378340904 0.0332696554 -0.9987300494 -78.5529788909 -0.0308962745 -0.9989288490 -0.0344466966 942.3325812005 0.0000000000 0.0000000000 0.0000000000 1.0000000000
CAMERA CAM_FRONT_RIGHT sweeps/CAM_FRONT_RIGHT/n015-2018-11-21-19-38-26+0800__CAM_FRONT_RIGHT__1542800988020339.jpg 1260.847445 1260.847445 807.968245 495.334427 0.3960985092 0.9174214495 0.0379980911 -1351.4926536609 0.0447190858 0.0220592826 -0.9987560220 -77.5239231373 -0.9171184080 0.3973050112 -0.0322885995 851.5567162324 0.0000000000 0.0000000000 0.0000000000 1.0000000000
CAMERA CAM_BACK sweeps/CAM_BACK/n015-2018-11-21-19-38-26+0800__CAM_BACK__1542800988037525.jpg 809.220991 809.220991 829.219600 481.778424 0.5434793882 -0.8392953717 -0.0146093668 40.3714332569 0.0476424692 0.0482171911 -0.9977000038 -104.9514764809 0.8380694182 0.5415333614 0.0661911534 -1596.8286399234 0.0000000000 0.0000000000 0.0000000000 1.0000000000
CAMERA CAM_BACK_LEFT sweeps/CAM_BACK_LEFT/n015-2018-11-21-19-38-26+0800__CAM_BACK_LEFT__1542800988047423.jpg 1256.741481 1256.741481 792.112574 492.775747 -0.6198619460 -0.7833305890 -0.0465226430 1525.8764050022 0.0208975777 0.0427868605 -0.9988656445 -64.6941404114 0.7844325714 -0.6201310128 -0.0101522347 -476.1991969344 0.0000000000 0.0000000000 0.0000000000 1.0000000000
CAMERA CAM_BACK_RIGHT sweeps/CAM_BACK_RIGHT/n015-2018-11-21-19-38-26+0800__CAM_BACK_RIGHT__1542800988027893.jpg 1259.513741 1259.513741 807.252905 501.195799 0.9768450423 0.2115772365 0.0317621845 -1480.8716985368 0.0286829675 0.0176076395 -0.9994334687 -52.2629457043 -0.2120166285 0.9772026627 0.0111312724 -603.0584564738 0.0000000000 0.0000000000 0.0000000000 1.0000000000
BOX 1328.931176 903.359659 1328.314414 903.534262 1328.115024 902.829941 1328.731786 902.655338 0.391000 2.023000 0b2ba0a3a3874e4a9863541a7a65ec00 human.pedestrian.adult
BOX 1333.568773 903.756925 1334.157824 904.521284 1333.717427 904.860675 1333.128376 904.096316 0.791000 2.389000 20200e733c334714b91a01f47ef1cbd0 human.pedestrian.adult
BOX 1301.946467 901.519377 1302.053844 902.782822 1301.585533 902.822623 1301.478156 901.559178 -0.559000 1.147000 1e5f2a84bbe645c29e83651025150bdc vehicle.motorcycle
BOX 1306.381528 885.811080 1308.398928 889.319399 1306.915672 890.172320 1304.898272 886.664001 -0.987500 0.649500 767bc477faf048d89af472aab0ce7edd vehicle.car
BOX 1310.320241 918.420393 1310.264606 917.985941 1310.735759 917.925607 1310.791394 918.360059 -0.359000 1.437000 47b04d517ed64f92ad6af4c11233de34 human.pedestrian.adult
BOX 1330.997299 904.865423 1330.835797 905.466090 1330.264101 905.312377 1330.425603 904.711710 0.444000 2.201000 baa84e9048974b67a0c168a8bf946d3e human.pedestrian.adult
BOX 1288.368056 843.136102 1281.467145 833.142181 1283.732544 831.577898 1290.633455 841.571819 -2.309000 2.055000 90a1246128ad470c85bd1c53781f92e0 vehicle.bus.rigid
BOX 1294.014384 921.022570 1302.684821 914.402161 1304.449616 916.713430 1295.779179 923.333839 -0.659000 3.795000 759185c2435a4fb393a145e15aab5ac8 vehicle.bus.rigid
BOX 1295.134296 909.094090 1295.600338 908.373695 1295.942904 908.595310 1295.476862 909.315705 -0.558500 1.154500 7a88efefda9f4fc3a30fa6a655978ada human.pedestrian.adult
BOX 1334.802199 907.477477 1334.058637 907.502996 1334.039601 906.948323 1334.783163 906.922804 0.739100 2.478100 7c7ea45167174debb191420c7fb99649 human.pedestrian.adult
BOX 1294.016801 864.931461 1296.058117 868.580267 1294.520399 869.440539 1292.479083 865.791733 -1.826800 -0.346800 e3c44d83d35543d1b638c93943d3a180 vehicle.car
BOX 1295.222822 924.668146 1298.661907 922.042194 1299.797978 923.530054 1296.358893 926.156006 -0.709200 0.734800 14201e2f4fcf44b58240d9987d64d355 vehicle.car
BOX 1304.464755 889.575163 1306.476639 893.086649 1304.992045 893.937237 1302.980161 890.425751 -0.996500 0.640500 bb0f40c613904cdcb3299a73e105c3c4 vehicle.car
BOX 1326.010146 910.490686 1323.077620 906.771816 1324.447854 905.691314 1327.380380 909.410184 0.278000 2.118000 7028b22052c3450da6eef57669d7a8b4 vehicle.car
BOX 1301.345422 919.814589 1304.842527 917.144336 1305.976778 918.629811 1302.479673 921.300064 -0.753200 0.878800 ca291f5d8bf7447ca85d6a768808246d vehicle.car
BOX 1306.961303 900.356771 1306.307710 904.608832 1304.588897 904.344629 1305.242490 900.092568 -0.751500 0.814500 0debc457dad44487be97463324be8536 vehicle.car
BOX 1338.291966 934.071478 1341.038426 937.314849 1339.779234 938.381122 1337.032774 935.137751 1.298500 2.827500 76bd4f1303ea47cab45dc0e2f3303246 vehicle.car
BOX 1330.326327 904.302739 1329.895351 904.368739 1329.809673 903.809261 1330.240649 903.743261 0.441000 2.131000 7b644b3fb6634f13bf30402c70770e3b human.pedestrian.adult
BOX 1296.876844 857.109209 1294.792836 853.458109 1296.412556 852.533591 1298.496564 856.184691 -1.938400 -0.189400 c7925b44db7f4cfdb37e98c29acb8087 vehicle.car
BOX 1332.975301 905.182419 1332.604338 905.010176 1332.850699 904.479581 1333.221662 904.651824 0.691500 2.408500 1c6ea643f2d04632ac5624e0072aa659 human.pedestrian.adult
BOX 1332.208453 903.589432 1331.444348 903.552449 1331.482347 902.767368 1332.246452 902.804351 0.591000 2.385000 60e1ec6251134f9a8e2031b871a455d1 human.pedestrian.adult
BOX 1315.456539 900.342226 1317.967713 903.974727 1316.457461 905.018774 1313.946287 901.386273 -0.284000 1.146000 88b7a3d6e9394198a1511642a5aa5499 vehicle.car
ENDFRAME

FRAME 1542800988.047790 1321.390662 903.754810 -2.565280
LIDAR sweeps/LIDAR_TOP/n015-2018-11-21-19-38-26+0800__LIDAR_TOP__1542800988047802.pcd.bin -0.5468565157 -0.8351263794 -0.0592611304 1320.5345396278 0.8372142149 -0.5450959575 -0.0440766991 903.1752920801 0.0045066115 -0.0737178909 0.9972689522 1.7911469574 0.0000000000 0.0000000000 0.0000000000 1.0000000000
CAMERA CAM_FRONT sweeps/CAM_FRONT/n015-2018-11-21-19-38-26+0800__CAM_FRONT__1542800988012460.jpg 1266.417203 1266.417203 816.267020 491.507066 -0.5501379107 0.8350012220 0.0110108343 -27.6841838263 0.0400512144 0.0395533165 -0.9984144607 -87.1492697446 -0.8341128097 -0.5488246482 -0.0552025919 1596.4995356069 0.0000000000 0.0000000000 0.0000000000 1.0000000000
CAMERA CAM_FRONT_LEFT sweeps/CAM_FRONT_LEFT/n015-2018-11-21-19-38-26+0800__CAM_FRONT_LEFT__1542800988004844.jpg 1272.597947 1272.597947 826.615493 479.751654 -0.9988062884 0.0321602972 -0.0367656559 1289.7833730192 0.0378340904 0.0332696554 -0.9987300494 -78.5529788909 -0.0308962745 -0.9989288490 -0.0344466966 942.3325812005 0.0000000000 0.0000000000 0.0000000000 1.0000000000
CAMERA CAM_FRONT_RIGHT sweeps/CAM_FRONT_RIGHT/n015-2018-11-21-19-38-26+0800__CAM_FRONT_RIGHT__1542800988020339.jpg 1260.847445 1260.847445 807.968245 495.334427 0.3960985092 0.9174214495 0.0379980911 -1351.4926536609 0.0447190858 0.0220592826 -0.9987560220 -77.5239231373 -0.9171184080 0.3973050112 -0.0322885995 851.5567162324 0.0000000000 0.0000000000 0.0000000000 1.0000000000
CAMERA CAM_BACK sweeps/CAM_BACK/n015-2018-11-21-19-38-26+0800__CAM_BACK__1542800988037525.jpg 809.220991 809.220991 829.219600 481.778424 0.5434793882 -0.8392953717 -0.0146093668 40.3714332569 0.0476424692 0.0482171911 -0.9977000038 -104.9514764809 0.8380694182 0.5415333614 0.0661911534 -1596.8286399234 0.0000000000 0.0000000000 0.0000000000 1.0000000000
CAMERA CAM_BACK_LEFT sweeps/CAM_BACK_LEFT/n015-2018-11-21-19-38-26+0800__CAM_BACK_LEFT__1542800988047423.jpg 1256.741481 1256.741481 792.112574 492.775747 -0.6198619460 -0.7833305890 -0.0465226430 1525.8764050022 0.0208975777 0.0427868605 -0.9988656445 -64.6941404114 0.7844325714 -0.6201310128 -0.0101522347 -476.1991969344 0.0000000000 0.0000000000 0.0000000000 1.0000000000
CAMERA CAM_BACK_RIGHT sweeps/CAM_BACK_RIGHT/n015-2018-11-21-19-38-26+0800__CAM_BACK_RIGHT__1542800988027893.jpg 1259.513741 1259.513741 807.252905 501.195799 0.9768450423 0.2115772365 0.0317621845 -1480.8716985368 0.0286829675 0.0176076395 -0.9994334687 -52.2629457043 -0.2120166285 0.9772026627 0.0111312724 -603.0584564738 0.0000000000 0.0000000000 0.0000000000 1.0000000000
BOX 1328.937738 903.360746 1328.321282 903.536425 1328.120662 902.832454 1328.737118 902.656775 0.391000 2.023000 0b2ba0a3a3874e4a9863541a7a65ec00 human.pedestrian.adult
BOX 1333.608873 903.813725 1334.197924 904.578084 1333.757527 904.917475 1333.168476 904.153116 0.791000 2.389000 20200e733c334714b91a01f47ef1cbd0 human.pedestrian.adult
BOX 1301.946467 901.519377 1302.053844 902.782822 1301.585533 902.822623 1301.478156 901.559178 -0.559000 1.147000 1e5f2a84bbe645c29e83651025150bdc vehicle.motorcycle
BOX 1306.615319 886.216250 1308.638844 889.721040 1307.157081 890.576550 1305.133556 887.071760 -0.967500 0.669500 767bc477faf048d89af472aab0ce7edd vehicle.car
BOX 1310.320241 918.420393 1310.264606 917.985941 1310.735759 917.925607 1310.791394 918.360059 -0.359000 1.437000 47b04d517ed64f92ad6af4c11233de34 human.pedestrian.adult
BOX 1330.990216 904.860050 1330.859329 905.468123 1330.280584 905.343550 1330.411471 904.735477 0.446500 2.203500 baa84e9048974b67a0c168a8bf946d3e human.pedestrian.adult
BOX 1288.365356 843.131102 1281.464445 833.137181 1283.729844 831.572898 1290.630755 841.566819 -2.309000 2.055000 90a1246128ad470c85bd1c53781f92e0 vehicle.bus.rigid
BOX 1294.014384 921.022570 1302.684821 914.402161 1304.449616 916.713430 1295.779179 923.333839 -0.659000 3.795000 759185c2435a4fb393a145e15aab5ac8 vehicle.bus.rigid
BOX 1295.172570 909.037260 1295.639555 908.317477 1295.981830 908.539540 1295.514845 909.259323 -0.558500 1.154500 7a88efefda9f4fc3a30fa6a655978ada human.pedestrian.adult
BOX 1334.785685 907.478078 1334.042289 907.508071 1334.019915 906.953522 1334.763311 906.923529 0.737700 2.476700 7c7ea45167174debb191420c7fb99649 human.pedestrian.adult
BOX 1294.234432 865.324681 1296.278934 868.971703 1294.741968 869.833319 1292.697466 866.186297 -1.810600 -0.330600 e3c44d83d35543d1b638c93943d3a180 vehicle.car
BOX 1295.222222 924.669246 1298.661307 922.043294 1299.797378 923.531154 1296.358293 926.157106 -0.709400 0.734600 14201e2f4fcf44b58240d9987d64d355 vehicle.car
BOX 1304.605774 889.817409 1306.618272 893.328543 1305.133826 894.179391 1303.121328 890.668257 -0.985500 0.651500 bb0f40c613904cdcb3299a73e105c3c4 vehicle.car
BOX 1326.010146 910.490686 1323.077620 906.771816 1324.447854 905.691314 1327.380380 909.410184 0.278000 2.118000 7028b22052c3450da6eef57669d7a8b4 vehicle.car
BOX 1301.345522 919.814789 1304.842627 917.144536 1305.976878 918.630011 1302.479773 921.300264 -0.754400 0.877600 ca291f5d8bf7447ca85d6a768808246d vehicle.car
BOX 1306.930486 900.556625 1306.195335 904.795346 1304.481914 904.498175 1305.217065 900.259454 -0.744000 0.822000 0debc457dad44487be97463324be8536 vehicle.car
BOX 1338.642566 934.487778 1341.389026 937.731149 1340.129834 938.797422 1337.383374 935.554051 1.318500 2.847500 76bd4f1303ea47cab45dc0e2f3303246 vehicle.car
BOX 1330.326327 904.302739 1329.895351 904.368739 1329.809673 903.809261 1330.240649 903.743261 0.441000 2.131000 7b644b3fb6634f13bf30402c70770e3b human.pedestrian.adult
BOX 1296.872277 857.097534 1294.787100 853.447103 1296.406523 852.522066 1298.491700 856.172497 -1.938300 -0.189300 c7925b44db7f4cfdb37e98c29acb8087 vehicle.car
BOX 1332.975301 905.182419 1332.604338 905.010176 1332.850699 904.479581 1333.221662 904.651824 0.691500 2.408500 1c6ea643f2d04632ac5624e0072aa659 human.pedestrian.adult
BOX 1332.195615 903.577577 1331.431131 903.549493 1331.459985 902.764023 1332.224469 902.792107 0.591000 2.385000 60e1ec6251134f9a8e2031b871a455d1 human.pedestrian.adult
BOX 1315.735497 900.747164 1318.249842 904.377470 1316.740503 905.422836 1314.226158 901.792530 -0.259000 1.171000 88b7a3d6e9394198a1511642a5aa5499 vehicle.car
ENDFRAME

FRAME 1542800988.097836 1321.390610 903.754829 -2.565269
LIDAR sweeps/LIDAR_TOP/n015-2018-11-21-19-38-26+0800__LIDAR_TOP__1542800988098101.pcd.bin -0.5468668368 -0.8351187045 -0.0592740428 1320.5344642507 0.8372075341 -0.5451065399 -0.0440727235 903.1753075466 0.0044952873 -0.0737265861 0.9972683605 1.7911381410 0.0000000000 0.0000000000 0.0000000000 1.0000000000
CAMERA CAM_FRONT sweeps/CAM_FRONT/n015-2018-11-21-19-38-26+0800__CAM_FRONT__1542800988112460.jpg 1266.417203 1266.417203 816.267020 491.507066 -0.5501572197 0.8349885509 0.0110069770 -27.6473117717 0.0400579473 0.0395546626 -0.9984141373 -87.1593801738 -0.8340997509 -0.5488438289 -0.0552092105 1596.4995445284 0.0000000000 0.0000000000 0.0000000000 1.0000000000
CAMERA CAM_FRONT_LEFT sweeps/CAM_FRONT_LEFT/n015-2018-11-21-19-38-26+0800__CAM_FRONT_LEFT__1542800988104844.jpg 1272.597947 1272.597947 826.615493 479.751654 -0.9988071687 0.0321291524 -0.0367689717 1289.8125719194 0.0378365130 0.0332755114 -0.9987297626 -78.5614695933 -0.0308648344 -0.9989296561 -0.0344514744 942.2918028518 0.0000000000 0.0000000000 0.0000000000 1.0000000000
CAMERA CAM_FRONT_RIGHT sweeps/CAM_FRONT_RIGHT/n015-2018-11-21-19-38-26+0800__CAM_FRONT_RIGHT__1542800988120339.jpg 1260.847445 1260.847445 807.968245 495.334427 0.3960848040 0.9174273210 0.0379991932 -1351.4798432288 0.0447307380 0.0220559601 -0.9987555736 -77.5363135365 -0.9171237589 0.3972916375 -0.0323011705 851.5757567383 0.0000000000 0.0000000000 0.0000000000 1.0000000000
CAMERA CAM_BACK sweeps/CAM_BACK/n015-2018-11-21-19-38-26+0800__CAM_BACK__1542800988137525.jpg 809.220991 809.220991 829.219600 481.778424 0.5434778909 -0.8392967694 -0.0145847533 40.3747674176 0.0476611613 0.0481998699 -0.9976999480 -104.9605188634 0.8380693264 0.5415327372 0.0661974223 -1596.8278870928 0.0000000000 0.0000000000 0.0000000000 1.0000000000
CAMERA CAM_BACK_LEFT sweeps/CAM_BACK_LEFT/n015-2018-11-21-19-38-26+0800__CAM_BACK_LEFT__1542800988147423.jpg 1256.741481 1256.741481 792.112574 492.775747 -0.6198691652 -0.7833258447 -0.0465063334 1525.8816247620 0.0209145286 0.0427527815 -0.9988667490 -64.6857396681 0.7844264150 -0.6201393558 -0.0101182402 -476.1834138115 0.0000000000 0.0000000000 0.0000000000 1.0000000000
CAMERA CAM_BACK_RIGHT sweeps/CAM_BACK_RIGHT/n015-2018-11-21-19-38-26+0800__CAM_BACK_RIGHT__1542800988127893.jpg 1259.513741 1259.513741 807.252905 501.195799 0.9768430761 0.2115839911 0.0317776561 -1480.8751068411 0.0286997174 0.0176030334 -0.9994330690 -52.2809137338 -0.2120234207 0.9772012832 0.0111230005 -603.0482968303 0.0000000000 0.0000000000 0.0000000000 1.0000000000
BOX 1328.944298 903.361833 1328.328150 903.538587 1328.126302 902.834967 1328.742450 902.658213 0.391000 2.023000 0b2ba0a3a3874e4a9863541a7a65ec00 human.pedestrian.adult
BOX 1333.648973 903.870525 1334.238024 904.634884 1333.797627 904.974275 1333.208576 904.209916 0.791000 2.389000 20200e733c334714b91a01f47ef1cbd0 human.pedestrian.adult
BOX 1301.946467 901.519377 1302.053844 902.782822 1301.585533 902.822623 1301.478156 901.559178 -0.559000 1.147000 1e5f2a84bbe645c29e83651025150bdc vehicle.motorcycle
BOX 1306.849111 886.621426 1308.878755 890.122677 1307.398489 890.980774 1305.368845 887.479523 -0.947500 0.689500 767bc477faf048d89af472aab0ce7edd vehicle.car
BOX 1310.320241 918.420393 1310.264606 917.985941 1310.735759 917.925607 1310.791394 918.360059 -0.359000 1.437000 47b04d517ed64f92ad6af4c11233de34 human.pedestrian.adult
BOX 1330.982222 904.855298 1330.882287 905.469217 1330.297978 905.374102 1330.397913 904.760183 0.449000 2.206000 baa84e9048974b67a0c168a8bf946d3e human.pedestrian.adult
BOX 1288.362656 843.126102 1281.461745 833.132181 1283.727144 831.567898 1290.628055 841.561819 -2.309000 2.055000 90a1246128ad470c85bd1c53781f92e0 vehicle.bus.rigid
BOX 1294.014384 921.022570 1302.684821 914.402161 1304.449616 916.713430 1295.779179 923.333839 -0.659000 3.795000 759185c2435a4fb393a145e15aab5ac8 vehicle.bus.rigid
BOX 1295.210844 908.980430 1295.678772 908.261259 1296.020756 908.483770 1295.552828 909.202941 -0.558500 1.154500 7a88efefda9f4fc3a30fa6a655978ada human.pedestrian.adult
BOX 1334.769156 907.478669 1334.025954 907.513135 1334.000244 906.958731 1334.743446 906.924265 0.736300 2.475300 7c7ea45167174debb191420c7fb99649 human.pedestrian.adult
BOX 1294.452063 865.717904 1296.499750 869.363139 1294.963537 870.226096 1292.915850 866.580861 -1.794400 -0.314400 e3c44d83d35543d1b638c93943d3a180 vehicle.car
BOX 1295.221622 924.670346 1298.660707 922.044394 1299.796778 923.532254 1296.357693 926.158206 -0.709600 0.734400 14201e2f4fcf44b58240d9987d64d355 vehicle.car
BOX 1304.746792 890.059655 1306.759904 893.570437 1305.275608 894.421545 1303.262496 890.910763 -0.974500 0.662500 bb0f40c613904cdcb3299a73e105c3c4 vehicle.car
BOX 1326.010146 910.490686 1323.077620 906.771816 1324.447854 905.691314 1327.380380 909.410184 0.278000 2.118000 7028b22052c3450da6eef57669d7a8b4 vehicle.car
BOX 1301.345622 919.814989 1304.842727 917.144736 1305.976978 918.630211 1302.479873 921.300464 -0.755600 0.876400 ca291f5d8bf7447ca85d6a768808246d vehicle.car
BOX 1306.899217 900.757206 1306.082779 904.981023 1304.375383 904.650994 1305.191821 900.427177 -0.736500 0.829500 0debc457dad44487be97463324be8536 vehicle.car
BOX 1338.993166 934.904078 1341.739626 938.147449 1340.480434 939.213722 1337.733974 935.970351 1.338500 2.867500 76bd4f1303ea47cab45dc0e2f3303246 vehicle.car
BOX 1330.326327 904.302739 1329.895351 904.368739 1329.809673 903.809261 1330.240649 903.743261 0.441000 2.131000 7b644b3fb6634f13bf30402c70770e3b human.pedestrian.adult
BOX 1296.867711 857.085860 1294.781363 853.436097 1296.400489 852.510540 1298.486837 856.160303 -1.938200 -0.189200 c7925b44db7f4cfdb37e98c29acb8087 vehicle.car
BOX 1332.975301 905.182419 1332.604338 905.010176 1332.850699 904.479581 1333.221662 904.651824 0.691500 2.408500 1c6ea643f2d04632ac5624e0072aa659 human.pedestrian.adult
BOX 1332.182727 903.565666 1331.417967 903.546487 1331.437673 902.760734 1332.202433 902.779913 0.591000 2.385000 60e1ec6251134f9a8e2031b871a455d1 human.pedestrian.adult
BOX 1316.014456 901.152103 1318.531970 904.780213 1317.023544 905.826897 1314.506030 902.198787 -0.234000 1.196000 88b7a3d6e9394198a1511642a5aa5499 vehicle.car
ENDFRAME

FRAME 1542800988.147882 1321.390557 903.754849 -2.565258
LIDAR sweeps/LIDAR_TOP/n015-2018-11-21-19-38-26+0800__LIDAR_TOP__1542800988147891.pcd.bin -0.5468468331 -0.8351315174 -0.0592780721 1320.5343986698 0.8372207430 -0.5450887770 -0.0440414877 903.1754060973 0.0044686226 -0.0737127797 0.9972695009 1.7911529132 0.0000000000 0.0000000000 0.0000000000 1.0000000000
CAMERA CAM_FRONT sweeps/CAM_FRONT/n015-2018-11-21-19-38-26+0800__CAM_FRONT__1542800988162460.jpg 1266.417203 1266.417203 816.267020 491.507066 -0.5501506125 0.8349933275 0.0109748169 -27.6604032905 0.0400623383 0.0395185746 -0.9984153902 -87.1325668690 -0.8341038980 -0.5488391616 -0.0551929532 1596.5007816719 0.0000000000 0.0000000000 0.0000000000 1.0000000000
CAMERA CAM_FRONT_LEFT sweeps/CAM_FRONT_LEFT/n015-2018-11-21-19-38-26+0800__CAM_FRONT_LEFT__1542800988154844.jpg 1272.597947 1272.597947 826.615493 479.751654 -0.9988066499 0.0321411512 -0.0367725794 1289.8009958931 0.0378395823 0.0332447176 -0.9987306718 -78.5376944712 -0.0308778595 -0.9989302954 -0.0344212528 942.3096141046 0.0000000000 0.0000000000 0.0000000000 1.0000000000
CAMERA CAM_FRONT_RIGHT sweeps/CAM_FRONT_RIGHT/n015-2018-11-21-19-38-26+0800__CAM_FRONT_RIGHT__1542800988170339.jpg 1260.847445 1260.847445 807.968245 495.334427 0.3960868406 0.9174279285 0.0379632802 -1351.4830870292 0.0447379571 0.0220136581 -0.9987561835 -77.5076206664 -0.9171225272 0.3972925808 -0.0323245310 851.5732269627 0.0000000000 0.0000000000 0.0000000000 1.0000000000
CAMERA CAM_BACK sweeps/CAM_BACK/n015-2018-11-21-19-38-26+0800__CAM_BACK__1542800988137525.jpg 809.220991 809.220991 829.219600 481.778424 0.5434778909 -0.8392967694 -0.0145847533 40.3747674176 0.0476611613 0.0481998699 -0.9976999480 -104.9605188634 0.8380693264 0.5415327372 0.0661974223 -1596.8278870928 0.0000000000 0.0000000000 0.0000000000 1.0000000000
CAMERA CAM_BACK_LEFT sweeps/CAM_BACK_LEFT/n015-2018-11-21-19-38-26+0800__CAM_BACK_LEFT__1542800988147423.jpg 1256.741481 1256.741481 792.112574 492.775747 -0.6198691652 -0.7833258447 -0.0465063334 1525.8816247620 0.0209145286 0.0427527815 -0.9988667490 -64.6857396681 0.7844264150 -0.6201393558 -0.0101182402 -476.1834138115 0.0000000000 0.0000000000 0.0000000000 1.0000000000
CAMERA CAM_BACK_RIGHT sweeps/CAM_BACK_RIGHT/n015-2018-11-21-19-38-26+0800__CAM_BACK_RIGHT__1542800988127893.jpg 1259.513741 1259.513741 807.252905 501.195799 0.9768430761 0.2115839911 0.0317776561 -1480.8751068411 0.0286997174 0.0176030334 -0.9994330690 -52.2809137338 -0.2120234207 0.9772012832 0.0111230005 -603.0482968303 0.0000000000 0.0000000000 0.0000000000 1.0000000000
BOX 1328.950857 903.362919 1328.335018 903.540748 1328.131943 902.837481 1328.747782 902.659652 0.391000 2.023000 0b2ba0a3a3874e4a9863541a7a65ec00 human.pedestrian.adult
BOX 1333.689073 903.927325 1334.278124 904.691684 1333.837727 905.031075 1333.248676 904.266716 0.791000 2.389000 20200e733c334714b91a01f47ef1cbd0 human.pedestrian.adult
BOX 1301.946467 901.519377 1302.053844 902.782822 1301.585533 902.822623 1301.478156 901.559178 -0.559000 1.147000 1e5f2a84bbe645c29e83651025150bdc vehicle.motorcycle
BOX 1307.082905 887.026609 1309.118661 890.524309 1307.639895 891.384991 1305.604139 887.887291 -0.927500 0.709500 767bc477faf048d89af472aab0ce7edd vehicle.car
BOX 1310.320241 918.420393 1310.264606 917.985941 1310.735759 917.925607 1310.791394 918.360059 -0.359000 1.437000 47b04d517ed64f92ad6af4c11233de34 human.pedestrian.adult
BOX 1330.973351 904.851210 1330.904624 905.469401 1330.316249 905.403990 1330.384976 904.785799 0.451500 2.208500 baa84e9048974b67a0c168a8bf946d3e human.pedestrian.adult
BOX 1288.359956 843.121102 1281.459045 833.127181 1283.724444 831.562898 1290.625355 841.556819 -2.309000 2.055000 90a1246128ad470c85bd1c53781f92e0 vehicle.bus.rigid
BOX 1294.014384 921.022570 1302.684821 914.402161 1304.449616 916.713430 1295.779179 923.333839 -0.659000 3.795000 759185c2435a4fb393a145e15aab5ac8 vehicle.bus.rigid
BOX 1295.249119 908.923599 1295.717989 908.205042 1296.059681 908.428001 1295.590811 909.146558 -0.558500 1.154500 7a88efefda9f4fc3a30fa6a655978ada human.pedestrian.adult
BOX 1334.752613 907.479251 1334.009633 907.518188 1333.980587 906.963949 1334.723567 906.925012 0.734900 2.473900 7c7ea45167174debb191420c7fb99649 human.pedestrian.adult
BOX 1294.669694 866.111128 1296.720564 869.754573 1295.185106 870.618872 1293.134236 866.975427 -1.778200 -0.298200 e3c44d83d35543d1b638c93943d3a180 vehicle.car
BOX 1295.221022 924.671446 1298.660107 922.045494 1299.796178 923.533354 1296.357093 926.159306 -0.709800 0.734200 14201e2f4fcf44b58240d9987d64d355 vehicle.car
BOX 1304.887811 890.301901 1306.901537 893.812331 1305.417389 894.663699 1303.403663 891.153269 -0.963500 0.673500 bb0f40c613904cdcb3299a73e105c3c4 vehicle.car
BOX 1326.010146 910.490686 1323.077620 906.771816 1324.447854 905.691314 1327.380380 909.410184 0.278000 2.118000 7028b22052c3450da6eef57669d7a8b4 vehicle.car
BOX 1301.345722 919.815189 1304.842827 917.144936 1305.977078 918.630411 1302.479973 921.300664 -0.756800 0.875200 ca291f5d8bf7447ca85d6a768808246d vehicle.car
BOX 1306.867482 900.958505 1305.970060 905.165860 1304.269318 904.803095 1305.166740 900.595740 -0.729000 0.837000 0debc457dad44487be97463324be8536 vehicle.car
BOX 1339.343766 935.320378 1342.090226 938.563749 1340.831034 939.630022 1338.084574 936.386651 1.358500 2.887500 76bd4f1303ea47cab45dc0e2f3303246 vehicle.car
BOX 1330.326327 904.302739 1329.895351 904.368739 1329.809673 903.809261 1330.240649 903.743261 0.441000 2.131000 7b644b3fb6634f13bf30402c70770e3b human.pedestrian.adult
BOX 1296.863144 857.074185 1294.775626 853.425091 1296.394456 852.499015 1298.481974 856.148109 -1.938100 -0.189100 c7925b44db7f4cfdb37e98c29acb8087 vehicle.car
BOX 1332.975301 905.182419 1332.604338 905.010176 1332.850699 904.479581 1333.221662 904.651824 0.691500 2.408500 1c6ea643f2d04632ac5624e0072aa659 human.pedestrian.adult
BOX 1332.169788 903.553701 1331.404857 903.543428 1331.415412 902.757499 1332.180343 902.767772 0.591000 2.385000 60e1ec6251134f9a8e2031b871a455d1 human.pedestrian.adult
BOX 1316.293415 901.557045 1318.814096 905.182955 1317.306585 906.230955 1314.785904 902.605045 -0.209000 1.221000 88b7a3d6e9394198a1511642a5aa5499 vehicle.car
ENDFRAME

FRAME 1542800988.197927 1321.390504 903.754868 -2.565246
LIDAR sweeps/LIDAR_TOP/n015-2018-11-21-19-38-26+0800__LIDAR_TOP__1542800988198216.pcd.bin -0.5468599394 -0.8351215269 -0.0592979086 1320.5343218852 0.8372123751 -0.5451039636 -0.0440125866 903.1754715382 0.0044323335 -0.0737136634 0.9972695976 1.7911526233 0.0000000000 0.0000000000 0.0000000000 1.0000000000
CAMERA CAM_FRONT sweeps/CAM_FRONT/n015-2018-11-21-19-38-26+0800__CAM_FRONT__1542800988162460.jpg 1266.417203 1266.417203 816.267020 491.507066 -0.5501506125 0.8349933275 0.0109748169 -27.6604032905 0.0400623383 0.0395185746 -0.9984153902 -87.1325668690 -0.8341038980 -0.5488391616 -0.0551929532 1596.5007816719 0.0000000000 0.0000000000 0.0000000000 1.0000000000
CAMERA CAM_FRONT_LEFT sweeps/CAM_FRONT_LEFT/n015-2018-11-21-19-38-26+0800__CAM_FRONT_LEFT__1542800988154844.jpg 1272.597947 1272.597947 826.615493 479.751654 -0.9988066499 0.0321411512 -0.0367725794 1289.8009958931 0.0378395823 0.0332447176 -0.9987306718 -78.5376944712 -0.0308778595 -0.9989302954 -0.0344212528 942.3096141046 0.0000000000 0.0000000000 0.0000000000 1.0000000000
CAMERA CAM_FRONT_RIGHT sweeps/CAM_FRONT_RIGHT/n015-2018-11-21-19-38-26+0800__CAM_FRONT_RIGHT__1542800988170339.jpg 1260.847445 1260.847445 807.968245 495.334427 0.3960868406 0.9174279285 0.0379632802 -1351.4830870292 0.0447379571 0.0220136581 -0.9987561835 -77.5076206664 -0.9171225272 0.3972925808 -0.0323245310 851.5732269627 0.0000000000 0.0000000000 0.0000000000 1.0000000000
CAMERA CAM_BACK sweeps/CAM_BACK/n015-2018-11-21-19-38-26+0800__CAM_BACK__1542800988187525.jpg 809.220991 809.220991 829.219600 481.778424 0.5434858028 -0.8392921886 -0.0145535012 40.3602183767 0.0476644299 0.0481655742 -0.9977014481 -104.9338420709 0.8380640097 0.5415428881 0.0661816895 -1596.8300095036 0.0000000000 0.0000000000 0.0000000000 1.0000000000
CAMERA CAM_BACK_LEFT sweeps/CAM_BACK_LEFT/n015-2018-11-21-19-38-26+0800__CAM_BACK_LEFT__1542800988197423.jpg 1256.741481 1256.741481 792.112574 492.775747 -0.6198566595 -0.7833364321 -0.0464946867 1525.8746569127 0.0209330405 0.0427230902 -0.9988676316 -64.6833675070 0.7844358033 -0.6201280285 -0.0100845787 -476.2060044277 0.0000000000 0.0000000000 0.0000000000 1.0000000000
CAMERA CAM_BACK_RIGHT sweeps/CAM_BACK_RIGHT/n015-2018-11-21-19-38-26+0800__CAM_BACK_RIGHT__1542800988177899.jpg 1259.513741 1259.513741 807.252905 501.195799 0.9768422875 0.2115882693 0.0317734120 -1480.8778922007 0.0287042784 0.0175617704 -0.9994336639 -52.2496481022 -0.2120264366 0.9772010993 0.0110815914 -603.0441781703 0.0000000000 0.0000000000 0.0000000000 1.0000000000
BOX 1328.957415 903.364004 1328.341887 903.542908 1328.137585 902.839996 1328.753113 902.661092 0.391000 2.023000 0b2ba0a3a3874e4a9863541a7a65ec00 human.pedestrian.adult
BOX 1333.729173 903.984125 1334.318224 904.748484 1333.877827 905.087875 1333.288776 904.323516 0.791000 2.389000 20200e733c334714b91a01f47ef1cbd0 human.pedestrian.adult
BOX 1301.946467 901.519377 1302.053844 902.782822 1301.585533 902.822623 1301.478156 901.559178 -0.559000 1.147000 1e5f2a84bbe645c29e83651025150bdc vehicle.motorcycle
BOX 1307.316699 887.431799 1309.358561 890.925938 1307.881301 891.789201 1305.839439 888.295062 -0.907500 0.729500 767bc477faf048d89af472aab0ce7edd vehicle.car
BOX 1310.320241 918.420393 1310.264606 917.985941 1310.735759 917.925607 1310.791394 918.360059 -0.359000 1.437000 47b04d517ed64f92ad6af4c11233de34 human.pedestrian.adult
BOX 1330.963637 904.847831 1330.926295 905.468709 1330.335363 905.433169 1330.372705 904.812291 0.454000 2.211000 baa84e9048974b67a0c168a8bf946d3e human.pedestrian.adult
BOX 1288.357256 843.116102 1281.456345 833.122181 1283.721744 831.557898 1290.622655 841.551819 -2.309000 2.055000 90a1246128ad470c85bd1c53781f92e0 vehicle.bus.rigid
BOX 1294.014384 921.022570 1302.684821 914.402161 1304.449616 916.713430 1295.779179 923.333839 -0.659000 3.795000 759185c2435a4fb393a145e15aab5ac8 vehicle.bus.rigid
BOX 1295.287395 908.866768 1295.757206 908.148825 1296.098605 908.372232 1295.628794 909.090175 -0.558500 1.154500 7a88efefda9f4fc3a30fa6a655978ada human.pedestrian.adult
BOX 1334.736056 907.479824 1333.993324 907.523231 1333.960944 906.969176 1334.703676 906.925769 0.733500 2.472500 7c7ea45167174debb191420c7fb99649 human.pedestrian.adult
BOX 1294.887326 866.504354 1296.941377 870.146006 1295.406674 871.011646 1293.352623 867.369994 -1.762000 -0.282000 e3c44d83d35543d1b638c93943d3a180 vehicle.car
BOX 1295.220422 924.672546 1298.659507 922.046594 1299.795578 923.534454 1296.356493 926.160406 -0.710000 0.734000 14201e2f4fcf44b58240d9987d64d355 vehicle.car
BOX 1305.028829 890.544148 1307.043170 894.054225 1305.559171 894.905852 1303.544830 891.395775 -0.952500 0.684500 bb0f40c613904cdcb3299a73e105c3c4 vehicle.car
BOX 1326.010146 910.490686 1323.077620 906.771816 1324.447854 905.691314 1327.380380 909.410184 0.278000 2.118000 7028b22052c3450da6eef57669d7a8b4 vehicle.car
BOX 1301.345822 919.815389 1304.842927 917.145136 1305.977178 918.630611 1302.480073 921.300864 -0.758000 0.874000 ca291f5d8bf7447ca85d6a768808246d vehicle.car
BOX 1306.835268 901.160514 1305.857192 905.349854 1304.163732 904.954486 1305.141808 900.765146 -0.721500 0.844500 0debc457dad44487be97463324be8536 vehicle.car
BOX 1339.694366 935.736678 1342.440826 938.980049 1341.181634 940.046322 1338.435174 936.802951 1.378500 2.907500 76bd4f1303ea47cab45dc0e2f3303246 vehicle.car
BOX 1330.326327 904.302739 1329.895351 904.368739 1329.809673 903.809261 1330.240649 903.743261 0.441000 2.131000 7b644b3fb6634f13bf30402c70770e3b human.pedestrian.adult
BOX 1296.858577 857.062509 1294.769890 853.414085 1296.388423 852.487491 1298.477110 856.135915 -1.938000 -0.189000 c7925b44db7f4cfdb37e98c29acb8087 vehicle.car
BOX 1332.975301 905.182419 1332.604338 905.010176 1332.850699 904.479581 1333.221662 904.651824 0.691500 2.408500 1c6ea643f2d04632ac5624e0072aa659 human.pedestrian.adult
BOX 1332.156798 903.541682 1331.391799 903.540317 1331.393202 902.754318 1332.158201 902.755683 0.591000 2.385000 60e1ec6251134f9a8e2031b871a455d1 human.pedestrian.adult
BOX 1316.572375 901.961988 1319.096221 905.585696 1317.589625 906.635012 1315.065779 903.011304 -0.184000 1.246000 88b7a3d6e9394198a1511642a5aa5499 vehicle.car
ENDFRAME

FRAME 1542800988.247972 1321.390451 903.754888 -2.565235
LIDAR sweeps/LIDAR_TOP/n015-2018-11-21-19-38-26+0800__LIDAR_TOP__1542800988247961.pcd.bin -0.5468848331 -0.8351059100 -0.0592882650 1320.5343001309 0.8371961037 -0.5451290585 -0.0440112891 903.1754671073 0.0044343315 -0.0737050110 0.9972702282 1.7911615571 0.0000000000 0.0000000000 0.0000000000 1.0000000000
CAMERA CAM_FRONT sweeps/CAM_FRONT/n015-2018-11-21-19-38-26+0800__CAM_FRONT__1542800988262460.jpg 1266.417203 1266.417203 816.267020 491.507066 -0.5501961208 0.8349633956 0.0109707167 -27.5733097340 0.0400737464 0.0395247799 -0.9984146867 -87.1532465860 -0.8340733322 -0.5488842499 -0.0552064919 1596.5010705541 0.0000000000 0.0000000000 0.0000000000 1.0000000000
CAMERA CAM_FRONT_LEFT sweeps/CAM_FRONT_LEFT/n015-2018-11-21-19-38-26+0800__CAM_FRONT_LEFT__1542800988254844.jpg 1272.597947 1272.597947 826.615493 479.751654 -0.9988076093 0.0320915358 -0.0367898481 1289.8469965768 0.0378546794 0.0332297859 -0.9987305966 -78.5441463114 -0.0308282799 -0.9989323874 -0.0344049778 942.2460266837 0.0000000000 0.0000000000 0.0000000000 1.0000000000
CAMERA CAM_FRONT_RIGHT sweeps/CAM_FRONT_RIGHT/n015-2018-11-21-19-38-26+0800__CAM_FRONT_RIGHT__1542800988270339.jpg 1260.847445 1260.847445 807.968245 495.334427 0.3960327105 0.9174503344 0.0379865259 -1351.4317974904 0.0447423926 0.0220391197 -0.9987554233 -77.5364884399 -0.9171456866 0.3972394254 -0.0323207108 851.6517512086 0.0000000000 0.0000000000 0.0000000000 1.0000000000
CAMERA CAM_BACK sweeps/CAM_BACK/n015-2018-11-21-19-38-26+0800__CAM_BACK__1542800988287525.jpg 809.220991 809.220991 829.219600 481.778424 0.5435402473 -0.8392564293 -0.0145823683 40.2560472298 0.0476707594 0.0482090930 -0.9976990438 -104.9815317607 0.8380283398 0.5415944325 0.0662115736 -1596.8293749936 0.0000000000 0.0000000000 0.0000000000 1.0000000000
